snapshot_date,ticker,category,expiration,option_type,contract_symbol,strike,last_price,bid,ask,change,percent_change,volume,open_interest,implied_vol,in_the_money,underlying_price
2026-06-29,NVDA,stock,2026-06-29,call,NVDA260629C00110000,110.0,84.91,82.5,87.55,0.9000015,1.0713028,91.0,45,4.2812546484375,1,194.97000122070312
2026-06-29,NVDA,stock,2026-06-29,call,NVDA260629C00115000,115.0,80.01,77.25,82.65,0.9900055,1.2528543,379.0,45,7.720703474121094,1,194.97000122070312
2026-06-29,NVDA,stock,2026-06-29,call,NVDA260629C00120000,120.0,75.1,72.25,77.7,0.94999695,1.2811826,305.0,1,2.93750265625,1,194.97000122070312
2026-06-29,NVDA,stock,2026-06-29,call,NVDA260629C00125000,125.0,69.62,67.25,72.65,0.1800003,0.25921702,83.0,33,6.726564091796876,1,194.97000122070312
2026-06-29,NVDA,stock,2026-06-29,call,NVDA260629C00130000,130.0,64.27,63.45,67.65,-0.19000244,-0.29476023,170.0,33,4.406254492187499,1,194.97000122070312
2026-06-29,NVDA,stock,2026-06-29,call,NVDA260629C00135000,135.0,60.15,58.55,62.65,0.8199997,1.3820995,335.0,21,4.119145476074219,1,194.97000122070312
2026-06-29,NVDA,stock,2026-06-29,call,NVDA260629C00140000,140.0,54.96,53.2,56.1,0.25999832,0.47531685,258.0,12,4.276371842041016,1,194.97000122070312
2026-06-29,NVDA,stock,2026-06-29,call,NVDA260629C00145000,145.0,50.05,48.15,51.2,-6.619999,-11.681664,174.0,2,3.988281279296875,1,194.97000122070312
2026-06-29,NVDA,stock,2026-06-29,call,NVDA260629C00150000,150.0,44.7,44.7,46.7,-0.18999863,-0.4232538,242.0,12,3.2089863525390623,1,194.97000122070312
2026-06-29,NVDA,stock,2026-06-29,call,NVDA260629C00155000,155.0,40.19,38.25,41.75,0.7099991,1.7983767,111.0,49,1.734376328125,1,194.97000122070312
2026-06-29,NVDA,stock,2026-06-29,call,NVDA260629C00160000,160.0,33.59,33.2,35.1,-0.79999924,-2.3262556,72.0,12,1.8515632421875,1,194.97000122070312
2026-06-29,NVDA,stock,2026-06-29,call,NVDA260629C00165000,165.0,29.25,28.4,30.1,1.3700008,4.9139204,57.0,6,1.6015644921874999,1,194.97000122070312
2026-06-29,NVDA,stock,2026-06-29,call,NVDA260629C00170000,170.0,24.95,24.7,25.0,0.8100014,3.3554325,60.0,15,1.1015669921875002,1,194.97000122070312
2026-06-29,NVDA,stock,2026-06-29,call,NVDA260629C00175000,175.0,19.73,19.85,20.05,0.18999863,0.97235733,14.0,26,1.0234423828125,1,194.97000122070312
2026-06-29,NVDA,stock,2026-06-29,call,NVDA260629C00180000,180.0,14.05,14.85,15.05,-0.6999998,-4.745762,156.0,133,0.7929708203125,1,194.97000122070312
2026-06-29,NVDA,stock,2026-06-29,call,NVDA260629C00182500,182.5,11.78,12.35,12.7,-0.15999985,-1.3400322,92.0,139,0.6367223828125,1,194.97000122070312
2026-06-29,NVDA,stock,2026-06-29,call,NVDA260629C00185000,185.0,10.05,9.85,10.1,2.15,27.21519,315.0,561,0.6132851171875001,1,194.97000122070312
2026-06-29,NVDA,stock,2026-06-29,call,NVDA260629C00187500,187.5,7.2,7.35,7.6,1.71,31.147543,914.0,343,0.48438015625,1,194.97000122070312
2026-06-29,NVDA,stock,2026-06-29,call,NVDA260629C00190000,190.0,4.9,4.85,5.0,1.25,34.246574,23034.0,1133,0.2617261328125,1,194.97000122070312
2026-06-29,NVDA,stock,2026-06-29,call,NVDA260629C00192500,192.5,2.36,2.35,2.75,0.6199999,35.632175,97613.0,1999,0.27246821289062495,1,194.97000122070312
2026-06-29,NVDA,stock,2026-06-29,call,NVDA260629C00195000,195.0,0.07,0.04,0.07,-0.71,-91.02564,466030.0,10204,0.020517607421875004,0,194.97000122070312
2026-06-29,NVDA,stock,2026-06-29,call,NVDA260629C00197500,197.5,0.01,0.0,0.01,-0.35000002,-97.22223,188134.0,7081,0.1211025390625,0,194.97000122070312
2026-06-29,NVDA,stock,2026-06-29,call,NVDA260629C00200000,200.0,0.01,0.0,0.01,-0.13,-92.85714,68689.0,18188,0.21875781249999998,0,194.97000122070312
2026-06-29,NVDA,stock,2026-06-29,call,NVDA260629C00202500,202.5,0.01,0.0,0.01,-0.049999997,-83.333336,13622.0,5281,0.304694453125,0,194.97000122070312
2026-06-29,NVDA,stock,2026-06-29,call,NVDA260629C00205000,205.0,0.01,0.0,0.01,-0.02,-66.66667,5711.0,8399,0.39063109375,0,194.97000122070312
2026-06-29,NVDA,stock,2026-06-29,call,NVDA260629C00207500,207.5,0.01,0.0,0.01,-0.01,-50.0,2038.0,8149,0.476567734375,0,194.97000122070312
2026-06-29,NVDA,stock,2026-06-29,call,NVDA260629C00210000,210.0,0.01,0.0,0.01,-0.01,-50.0,469.0,7969,0.51562984375,0,194.97000122070312
2026-06-29,NVDA,stock,2026-06-29,call,NVDA260629C00212500,212.5,0.01,0.0,0.01,0.0,0.0,34.0,4796,0.5937540625000001,0,194.97000122070312
2026-06-29,NVDA,stock,2026-06-29,call,NVDA260629C00215000,215.0,0.01,0.0,0.01,0.0,0.0,43.0,7502,0.6562534375000001,0,194.97000122070312
2026-06-29,NVDA,stock,2026-06-29,call,NVDA260629C00217500,217.5,0.01,0.0,0.01,0.0,0.0,73.0,5144,0.7187528125,0,194.97000122070312
2026-06-29,NVDA,stock,2026-06-29,call,NVDA260629C00220000,220.0,0.01,0.0,0.01,0.0,0.0,32.0,4194,0.8125018749999999,0,194.97000122070312
2026-06-29,NVDA,stock,2026-06-29,call,NVDA260629C00222500,222.5,0.01,0.0,0.01,0.0,0.0,77.0,1085,0.87500125,0,194.97000122070312
2026-06-29,NVDA,stock,2026-06-29,call,NVDA260629C00225000,225.0,0.01,0.0,0.01,0.0,0.0,46.0,1444,0.937500625,0,194.97000122070312
2026-06-29,NVDA,stock,2026-06-29,call,NVDA260629C00227500,227.5,0.01,0.0,0.01,0.0,0.0,78.0,549,0.98437515625,0,194.97000122070312
2026-06-29,NVDA,stock,2026-06-29,call,NVDA260629C00230000,230.0,0.01,0.0,0.01,0.0,0.0,4.0,1321,1.0625046875000002,0,194.97000122070312
2026-06-29,NVDA,stock,2026-06-29,call,NVDA260629C00232500,232.5,0.01,0.0,0.01,0.0,0.0,2.0,124,1.125004375,0,194.97000122070312
2026-06-29,NVDA,stock,2026-06-29,call,NVDA260629C00235000,235.0,0.01,0.0,0.01,0.0,0.0,11.0,690,1.1875040625,0,194.97000122070312
2026-06-29,NVDA,stock,2026-06-29,call,NVDA260629C00237500,237.5,0.01,0.0,0.01,0.0,0.0,1.0,359,1.2500037499999999,0,194.97000122070312
2026-06-29,NVDA,stock,2026-06-29,call,NVDA260629C00240000,240.0,0.01,0.0,0.01,0.0,0.0,3.0,649,1.3125034374999998,0,194.97000122070312
2026-06-29,NVDA,stock,2026-06-29,call,NVDA260629C00245000,245.0,0.01,0.0,0.01,0.0,0.0,18.0,213,1.4375028125,0,194.97000122070312
2026-06-29,NVDA,stock,2026-06-29,call,NVDA260629C00250000,250.0,0.01,0.0,0.01,0.0,0.0,34.0,186,1.5625021874999998,0,194.97000122070312
2026-06-29,NVDA,stock,2026-06-29,call,NVDA260629C00255000,255.0,0.01,0.0,0.01,0.0,0.0,4.0,180,1.625001875,0,194.97000122070312
2026-06-29,NVDA,stock,2026-06-29,call,NVDA260629C00260000,260.0,0.01,0.0,0.01,0.0,0.0,1.0,519,1.75000125,0,194.97000122070312
2026-06-29,NVDA,stock,2026-06-29,call,NVDA260629C00265000,265.0,0.02,0.0,0.01,0.0,0.0,100.0,103,1.875000625,0,194.97000122070312
2026-06-29,NVDA,stock,2026-06-29,call,NVDA260629C00270000,270.0,0.02,0.0,0.01,0.0,0.0,16.0,24,1.9375003125,0,194.97000122070312
2026-06-29,NVDA,stock,2026-06-29,call,NVDA260629C00280000,280.0,0.01,0.0,0.01,-0.03,-75.0,1.0,9,2.1875045312499997,0,194.97000122070312
2026-06-29,NVDA,stock,2026-06-29,call,NVDA260629C00290000,290.0,0.01,0.0,0.01,0.0,0.0,1.0,46,2.3750040624999995,0,194.97000122070312
2026-06-29,NVDA,stock,2026-06-29,call,NVDA260629C00295000,295.0,0.02,0.0,0.01,0.0,0.0,1.0,12,2.43750390625,0,194.97000122070312
2026-06-29,NVDA,stock,2026-06-29,put,NVDA260629P00110000,110.0,0.01,0.0,0.01,0.0,0.0,1.0,244,3.3750015624999996,0,194.97000122070312
2026-06-29,NVDA,stock,2026-06-29,put,NVDA260629P00115000,115.0,0.02,0.0,0.01,0.0,0.0,,296,3.1250021875,0,194.97000122070312
2026-06-29,NVDA,stock,2026-06-29,put,NVDA260629P00120000,120.0,0.02,0.0,0.01,0.0,0.0,,153,2.93750265625,0,194.97000122070312
2026-06-29,NVDA,stock,2026-06-29,put,NVDA260629P00125000,125.0,0.01,0.0,0.01,0.0,0.0,1.0,104,2.68750328125,0,194.97000122070312
2026-06-29,NVDA,stock,2026-06-29,put,NVDA260629P00130000,130.0,0.01,0.0,0.01,0.0,0.0,,36,2.50000375,0,194.97000122070312
2026-06-29,NVDA,stock,2026-06-29,put,NVDA260629P00135000,135.0,0.02,0.0,0.01,0.0,0.0,66.0,115,2.2500043749999996,0,194.97000122070312
2026-06-29,NVDA,stock,2026-06-29,put,NVDA260629P00140000,140.0,0.01,0.0,0.01,0.0,0.0,758.0,971,2.0625048437499998,0,194.97000122070312
2026-06-29,NVDA,stock,2026-06-29,put,NVDA260629P00145000,145.0,0.01,0.0,0.01,-0.01,-50.0,2.0,580,1.875000625,0,194.97000122070312
2026-06-29,NVDA,stock,2026-06-29,put,NVDA260629P00150000,150.0,0.01,0.0,0.01,-0.01,-50.0,15.0,794,1.625001875,0,194.97000122070312
2026-06-29,NVDA,stock,2026-06-29,put,NVDA260629P00155000,155.0,0.01,0.0,0.01,0.0,0.0,1.0,4407,1.4375028125,0,194.97000122070312
2026-06-29,NVDA,stock,2026-06-29,put,NVDA260629P00160000,160.0,0.01,0.0,0.01,0.0,0.0,25.0,7690,1.2500037499999999,0,194.97000122070312
2026-06-29,NVDA,stock,2026-06-29,put,NVDA260629P00165000,165.0,0.01,0.0,0.01,0.0,0.0,1785.0,5604,1.09375453125,0,194.97000122070312
2026-06-29,NVDA,stock,2026-06-29,put,NVDA260629P00170000,170.0,0.01,0.0,0.01,-0.02,-66.66667,475.0,715,0.9062509375,0,194.97000122070312
2026-06-29,NVDA,stock,2026-06-29,put,NVDA260629P00175000,175.0,0.01,0.0,0.01,-0.03,-75.0,1787.0,2744,0.7187528125,0,194.97000122070312
2026-06-29,NVDA,stock,2026-06-29,put,NVDA260629P00180000,180.0,0.01,0.0,0.01,-0.060000002,-85.71429,4257.0,8716,0.5625043750000001,0,194.97000122070312
2026-06-29,NVDA,stock,2026-06-29,put,NVDA260629P00182500,182.5,0.01,0.0,0.01,-0.12,-92.30769,4313.0,2252,0.500005,0,194.97000122070312
2026-06-29,NVDA,stock,2026-06-29,put,NVDA260629P00185000,185.0,0.01,0.0,0.01,-0.24,-96.0,15054.0,9387,0.414068359375,0,194.97000122070312
2026-06-29,NVDA,stock,2026-06-29,put,NVDA260629P00187500,187.5,0.01,0.0,0.01,-0.52,-98.11321,40191.0,11127,0.32031929687499994,0,194.97000122070312
2026-06-29,NVDA,stock,2026-06-29,put,NVDA260629P00190000,190.0,0.01,0.0,0.01,-1.14,-99.13044,131180.0,17508,0.21875781249999998,0,194.97000122070312
2026-06-29,NVDA,stock,2026-06-29,put,NVDA260629P00192500,192.5,0.01,0.0,0.01,-2.29,-99.565216,223482.0,7635,0.1211025390625,0,194.97000122070312
2026-06-29,NVDA,stock,2026-06-29,put,NVDA260629P00195000,195.0,0.14,0.11,0.18,-3.81,-96.455696,108294.0,5681,0.04053693847656249,1,194.97000122070312
2026-06-29,NVDA,stock,2026-06-29,put,NVDA260629P00197500,197.5,2.45,2.09,2.89,-2.3500001,-48.958336,4821.0,1905,0.3007882421875,1,194.97000122070312
2026-06-29,NVDA,stock,2026-06-29,put,NVDA260629P00200000,200.0,4.95,4.9,6.05,-2.5,-33.55705,1887.0,6480,0.69336244140625,1,194.97000122070312
2026-06-29,NVDA,stock,2026-06-29,put,NVDA260629P00202500,202.5,7.72,7.4,8.55,-0.88999987,-10.336816,328.0,6530,0.647464462890625,1,194.97000122070312
2026-06-29,NVDA,stock,2026-06-29,put,NVDA260629P00205000,205.0,10.22,9.95,10.15,-1.3599997,-11.744385,410.0,588,0.57617611328125,1,194.97000122070312
2026-06-29,NVDA,stock,2026-06-29,put,NVDA260629P00207500,207.5,12.79,12.3,12.8,-1.2700005,-9.03272,66.0,68,0.51562984375,1,194.97000122070312
2026-06-29,NVDA,stock,2026-06-29,put,NVDA260629P00210000,210.0,15.2,14.85,16.05,0.059999466,0.39629766,21.0,38,1.0302782861328126,1,194.97000122070312
2026-06-29,NVDA,stock,2026-06-29,put,NVDA260629P00212500,212.5,18.65,17.4,17.65,-0.45000076,-2.356025,14.0,50,0.8906260937499999,1,194.97000122070312
2026-06-29,NVDA,stock,2026-06-29,put,NVDA260629P00215000,215.0,21.1,19.15,20.15,0.39999962,1.9323652,10.0,1,0.9882813671875,1,194.97000122070312
2026-06-29,NVDA,stock,2026-06-29,put,NVDA260629P00217500,217.5,22.96,22.3,23.55,1.0099983,4.601359,35.0,0,1.359378203125,1,194.97000122070312
2026-06-29,NVDA,stock,2026-06-29,put,NVDA260629P00220000,220.0,25.0,24.9,26.05,2.0200005,8.790255,23.0,0,1.5068384033203124,1,194.97000122070312
2026-06-29,NVDA,stock,2026-06-29,put,NVDA260629P00222500,222.5,28.05,27.3,27.65,5.199999,22.757107,37.0,0,1.2656286718749998,1,194.97000122070312
2026-06-29,NVDA,stock,2026-06-29,put,NVDA260629P00225000,225.0,30.2,29.9,31.05,13.820002,84.37119,21.0,0,1.71875140625,1,194.97000122070312
2026-06-29,NVDA,stock,2026-06-29,put,NVDA260629P00227500,227.5,32.69,32.3,33.55,13.789999,72.96296,15.0,0,1.7773448632812499,1,194.97000122070312
2026-06-29,NVDA,stock,2026-06-29,put,NVDA260629P00230000,230.0,35.5,34.8,36.05,14.540001,69.37024,10.0,0,1.875000625,1,194.97000122070312
2026-06-29,NVDA,stock,2026-06-29,put,NVDA260629P00237500,237.5,42.63,41.75,43.25,13.380001,45.743595,7.0,0,2.4355507861328123,1,194.97000122070312
2026-06-29,NVDA,stock,2026-06-29,put,NVDA260629P00240000,240.0,45.92,44.25,45.75,15.359999,50.261776,3.0,0,2.534183352050781,1,194.97000122070312
2026-06-29,NVDA,stock,2026-06-29,put,NVDA260629P00250000,250.0,56.32,54.25,55.75,18.82,50.18667,4.0,0,2.908205854492188,1,194.97000122070312
2026-06-29,NVDA,stock,2026-07-01,call,NVDA260701C00110000,110.0,84.8,81.85,88.05,1.3899994,1.666466,54.0,0,4.942386634521483,1,194.97000122070312
2026-06-29,NVDA,stock,2026-07-01,call,NVDA260701C00115000,115.0,79.8,76.85,83.1,1.3700027,1.7467841,56.0,2,1.8125009374999999,1,194.97000122070312
2026-06-29,NVDA,stock,2026-07-01,call,NVDA260701C00120000,120.0,73.88,71.85,78.1,-0.9000015,-1.2035325,2.0,63,1.6875015625,1,194.97000122070312
2026-06-29,NVDA,stock,2026-07-01,call,NVDA260701C00125000,125.0,69.6,66.85,73.1,0.0,0.0,4.0,13,1.5625021874999998,1,194.97000122070312
2026-06-29,NVDA,stock,2026-07-01,call,NVDA260701C00135000,135.0,59.93,56.85,63.1,0.0,0.0,,1,1.3125034374999998,1,194.97000122070312
2026-06-29,NVDA,stock,2026-07-01,call,NVDA260701C00140000,140.0,54.95,51.85,58.1,0.0,0.0,,1,1.1875040625,1,194.97000122070312
2026-06-29,NVDA,stock,2026-07-01,call,NVDA260701C00145000,145.0,49.35,46.85,53.1,0.0,0.0,2.0,1,1.0625046875000002,1,194.97000122070312
2026-06-29,NVDA,stock,2026-07-01,call,NVDA260701C00155000,155.0,38.84,37.1,41.55,1.1399994,3.023871,96.0,2,2.014165120849609,1,194.97000122070312
2026-06-29,NVDA,stock,2026-07-01,call,NVDA260701C00160000,160.0,34.84,32.15,37.95,-0.5299988,-1.4984416,135.0,0,0.9960937890625,1,194.97000122070312
2026-06-29,NVDA,stock,2026-07-01,call,NVDA260701C00165000,165.0,28.4,27.1,32.95,0.0,0.0,1.0,3,0.8164080859374999,1,194.97000122070312
2026-06-29,NVDA,stock,2026-07-01,call,NVDA260701C00170000,170.0,24.5,22.1,28.0,2.3099995,10.410091,128.0,6,0.7226590234375,1,194.97000122070312
2026-06-29,NVDA,stock,2026-07-01,call,NVDA260701C00175000,175.0,19.94,16.95,22.75,0.4300003,2.2039995,724.0,75,1.4448269946289063,1,194.97000122070312
2026-06-29,NVDA,stock,2026-07-01,call,NVDA260701C00177500,177.5,17.23,14.15,20.95,0.37999916,2.2551877,880.0,14,0.523442265625,1,194.97000122070312
2026-06-29,NVDA,stock,2026-07-01,call,NVDA260701C00180000,180.0,15.16,13.6,15.45,0.6300001,4.335858,3600.0,807,0.6621127539062501,1,194.97000122070312
2026-06-29,NVDA,stock,2026-07-01,call,NVDA260701C00182500,182.5,12.75,12.05,13.05,-0.020000458,-0.15662065,7623.0,467,0.6064492480468751,1,194.97000122070312
2026-06-29,NVDA,stock,2026-07-01,call,NVDA260701C00185000,185.0,10.33,10.1,10.3,0.72999954,7.6041617,5137.0,1432,0.43848217773437503,1,194.97000122070312
2026-06-29,NVDA,stock,2026-07-01,call,NVDA260701C00187500,187.5,8.0,7.75,7.95,1.3499999,20.300749,2306.0,4467,0.39551385742187506,1,194.97000122070312
2026-06-29,NVDA,stock,2026-07-01,call,NVDA260701C00190000,190.0,5.85,5.6,5.75,1.44,32.65306,4638.0,570,0.36255520263671875,1,194.97000122070312
2026-06-29,NVDA,stock,2026-07-01,call,NVDA260701C00192500,192.5,3.82,3.7,3.8,0.8599999,29.05405,11561.0,1317,0.3371648315429688,1,194.97000122070312
2026-06-29,NVDA,stock,2026-07-01,call,NVDA260701C00195000,195.0,2.25,2.25,2.28,0.33000004,17.187502,38939.0,2403,0.3254461987304687,0,194.97000122070312
2026-06-29,NVDA,stock,2026-07-01,call,NVDA260701C00197500,197.5,1.24,1.22,1.25,-0.03999996,-3.1249971,23748.0,4866,0.3237372314453124,0,194.97000122070312
2026-06-29,NVDA,stock,2026-07-01,call,NVDA260701C00200000,200.0,0.6,0.61,0.62,-0.19,-24.050632,37427.0,9882,0.3242255078124999,0,194.97000122070312
2026-06-29,NVDA,stock,2026-07-01,call,NVDA260701C00202500,202.5,0.27,0.27,0.28,-0.20999998,-43.749996,14119.0,5929,0.3266668896484375,0,194.97000122070312
2026-06-29,NVDA,stock,2026-07-01,call,NVDA260701C00205000,205.0,0.12,0.12,0.13,-0.15,-55.555557,17720.0,7870,0.33789724609375,0,194.97000122070312
2026-06-29,NVDA,stock,2026-07-01,call,NVDA260701C00207500,207.5,0.06,0.05,0.06,-0.11,-64.70588,5741.0,3697,0.34961587890624996,0,194.97000122070312
2026-06-29,NVDA,stock,2026-07-01,call,NVDA260701C00210000,210.0,0.03,0.02,0.03,-0.07,-70.0,10781.0,4826,0.367193828125,0,194.97000122070312
2026-06-29,NVDA,stock,2026-07-01,call,NVDA260701C00212500,212.5,0.02,0.01,0.02,-0.05,-71.42857,21353.0,1144,0.39453730468750003,0,194.97000122070312
2026-06-29,NVDA,stock,2026-07-01,call,NVDA260701C00215000,215.0,0.02,0.01,0.02,-0.02,-50.0,4443.0,1769,0.4414118359375,0,194.97000122070312
2026-06-29,NVDA,stock,2026-07-01,call,NVDA260701C00217500,217.5,0.01,0.0,0.01,-0.02,-66.66667,412.0,4305,0.45313046875,0,194.97000122070312
2026-06-29,NVDA,stock,2026-07-01,call,NVDA260701C00220000,220.0,0.01,0.0,0.01,-0.01,-50.0,151.0,1885,0.49219257812500006,0,194.97000122070312
2026-06-29,NVDA,stock,2026-07-01,call,NVDA260701C00222500,222.5,0.01,0.0,0.01,0.0,0.0,7.0,217,0.500005,0,194.97000122070312
2026-06-29,NVDA,stock,2026-07-01,call,NVDA260701C00225000,225.0,0.01,0.0,0.01,-0.01,-50.0,10.0,1134,0.5312546875,0,194.97000122070312
2026-06-29,NVDA,stock,2026-07-01,call,NVDA260701C00227500,227.5,0.01,0.0,0.01,-0.01,-50.0,5.0,332,0.57812921875,0,194.97000122070312
2026-06-29,NVDA,stock,2026-07-01,call,NVDA260701C00230000,230.0,0.01,0.0,0.01,0.0,0.0,8.0,606,0.6093789062500001,0,194.97000122070312
2026-06-29,NVDA,stock,2026-07-01,call,NVDA260701C00232500,232.5,0.01,0.0,0.01,0.0,0.0,21.0,195,0.6562534375000001,0,194.97000122070312
2026-06-29,NVDA,stock,2026-07-01,call,NVDA260701C00235000,235.0,0.01,0.0,0.01,0.0,0.0,4.0,575,0.6875031250000001,0,194.97000122070312
2026-06-29,NVDA,stock,2026-07-01,call,NVDA260701C00237500,237.5,0.01,0.0,0.01,0.0,0.0,1.0,466,0.7187528125,0,194.97000122070312
2026-06-29,NVDA,stock,2026-07-01,call,NVDA260701C00240000,240.0,0.01,0.0,0.01,0.0,0.0,4.0,260,0.7500025,0,194.97000122070312
2026-06-29,NVDA,stock,2026-07-01,call,NVDA260701C00245000,245.0,0.01,0.0,0.01,0.0,0.0,1.0,91,0.8125018749999999,0,194.97000122070312
2026-06-29,NVDA,stock,2026-07-01,call,NVDA260701C00250000,250.0,0.01,0.0,0.01,0.0,0.0,381.0,265,0.87500125,0,194.97000122070312
2026-06-29,NVDA,stock,2026-07-01,call,NVDA260701C00255000,255.0,0.01,0.0,0.01,0.0,0.0,1.0,68,0.937500625,0,194.97000122070312
2026-06-29,NVDA,stock,2026-07-01,call,NVDA260701C00260000,260.0,0.01,0.0,0.01,0.0,0.0,14.0,16,1.000005,0,194.97000122070312
2026-06-29,NVDA,stock,2026-07-01,call,NVDA260701C00265000,265.0,0.03,0.0,0.01,0.0,0.0,1.0,22,1.0625046875000002,0,194.97000122070312
2026-06-29,NVDA,stock,2026-07-01,call,NVDA260701C00270000,270.0,0.03,0.0,0.01,0.0,0.0,2.0,7,1.125004375,0,194.97000122070312
2026-06-29,NVDA,stock,2026-07-01,call,NVDA260701C00275000,275.0,0.01,0.0,0.01,0.0,0.0,50.0,50,1.1875040625,0,194.97000122070312
2026-06-29,NVDA,stock,2026-07-01,call,NVDA260701C00290000,290.0,0.04,0.0,0.01,0.0,0.0,1.0,1,1.3750031249999999,0,194.97000122070312
2026-06-29,NVDA,stock,2026-07-01,call,NVDA260701C00300000,300.0,0.01,0.0,0.01,0.0,0.0,,6,1.46875265625,0,194.97000122070312
2026-06-29,NVDA,stock,2026-07-01,put,NVDA260701P00110000,110.0,0.01,0.0,0.01,-0.01,-50.0,3.0,4,1.96875015625,0,194.97000122070312
2026-06-29,NVDA,stock,2026-07-01,put,NVDA260701P00115000,115.0,0.01,0.0,0.01,0.0,0.0,,10,1.8125009374999999,0,194.97000122070312
2026-06-29,NVDA,stock,2026-07-01,put,NVDA260701P00120000,120.0,0.01,0.0,0.01,0.0,0.0,2.0,12,1.6875015625,0,194.97000122070312
2026-06-29,NVDA,stock,2026-07-01,put,NVDA260701P00125000,125.0,0.02,0.0,0.01,0.0,0.0,1.0,44,1.5625021874999998,0,194.97000122070312
2026-06-29,NVDA,stock,2026-07-01,put,NVDA260701P00130000,130.0,0.02,0.0,0.01,0.0,0.0,3.0,137,1.4375028125,0,194.97000122070312
2026-06-29,NVDA,stock,2026-07-01,put,NVDA260701P00135000,135.0,0.01,0.0,0.02,0.0,0.0,83.0,227,1.3750031249999999,0,194.97000122070312
2026-06-29,NVDA,stock,2026-07-01,put,NVDA260701P00140000,140.0,0.01,0.0,0.02,0.0,0.0,537.0,111,1.2500037499999999,0,194.97000122070312
2026-06-29,NVDA,stock,2026-07-01,put,NVDA260701P00145000,145.0,0.02,0.01,0.02,0.0,0.0,173.0,154,1.171879140625,0,194.97000122070312
2026-06-29,NVDA,stock,2026-07-01,put,NVDA260701P00150000,150.0,0.02,0.01,0.02,-0.01,-33.333336,88.0,193,1.0546922265625,0,194.97000122070312
2026-06-29,NVDA,stock,2026-07-01,put,NVDA260701P00155000,155.0,0.02,0.01,0.03,-0.030000001,-60.0,1421.0,243,0.9609378906249999,0,194.97000122070312
2026-06-29,NVDA,stock,2026-07-01,put,NVDA260701P00160000,160.0,0.03,0.02,0.03,-0.049999997,-62.499996,6358.0,328,0.85937640625,0,194.97000122070312
2026-06-29,NVDA,stock,2026-07-01,put,NVDA260701P00165000,165.0,0.03,0.02,0.03,-0.049999997,-62.499996,28150.0,2108,0.7421900781249999,0,194.97000122070312
2026-06-29,NVDA,stock,2026-07-01,put,NVDA260701P00170000,170.0,0.04,0.03,0.04,-0.060000002,-60.0,2363.0,6056,0.648441015625,0,194.97000122070312
2026-06-29,NVDA,stock,2026-07-01,put,NVDA260701P00175000,175.0,0.05,0.04,0.05,-0.06999999,-58.333332,1427.0,1158,0.5429733203125001,0,194.97000122070312
2026-06-29,NVDA,stock,2026-07-01,put,NVDA260701P00177500,177.5,0.06,0.05,0.06,-0.13,-68.42105,1444.0,2061,0.500005,0,194.97000122070312
2026-06-29,NVDA,stock,2026-07-01,put,NVDA260701P00180000,180.0,0.08,0.07,0.08,-0.25,-75.757576,3880.0,1969,0.45703667968750006,0,194.97000122070312
2026-06-29,NVDA,stock,2026-07-01,put,NVDA260701P00182500,182.5,0.1,0.1,0.11,-0.41,-80.39216,3590.0,3977,0.41309180664062495,0,194.97000122070312
2026-06-29,NVDA,stock,2026-07-01,put,NVDA260701P00185000,185.0,0.18,0.16,0.18,-0.73,-80.21978,7130.0,1841,0.3789124609375,0,194.97000122070312
2026-06-29,NVDA,stock,2026-07-01,put,NVDA260701P00187500,187.5,0.33,0.32,0.34,-0.9499999,-74.21874,8291.0,1715,0.35645174804687496,0,194.97000122070312
2026-06-29,NVDA,stock,2026-07-01,put,NVDA260701P00190000,190.0,0.64,0.63,0.66,-1.5000001,-70.09346,17952.0,4617,0.3386296606445312,0,194.97000122070312
2026-06-29,NVDA,stock,2026-07-01,put,NVDA260701P00192500,192.5,1.24,1.22,1.26,-2.17,-63.63636,20008.0,2738,0.32617861328125,0,194.97000122070312
2026-06-29,NVDA,stock,2026-07-01,put,NVDA260701P00195000,195.0,2.21,2.18,2.28,-2.7399998,-55.35353,13000.0,2334,0.32129584960937496,1,194.97000122070312
2026-06-29,NVDA,stock,2026-07-01,put,NVDA260701P00197500,197.5,3.65,3.6,3.8,-2.7399998,-42.879494,2478.0,871,0.3266668896484375,1,194.97000122070312
2026-06-29,NVDA,stock,2026-07-01,put,NVDA260701P00200000,200.0,5.5,5.55,5.7,-2.9899998,-35.2179,1393.0,1552,0.33447931152343746,1,194.97000122070312
2026-06-29,NVDA,stock,2026-07-01,put,NVDA260701P00202500,202.5,7.88,7.65,7.85,-0.8000002,-9.216591,1800.0,811,0.33887379882812496,1,194.97000122070312
2026-06-29,NVDA,stock,2026-07-01,put,NVDA260701P00205000,205.0,10.28,9.25,10.3,-1.9800005,-16.150085,6916.0,1030,0.3979552392578125,1,194.97000122070312
2026-06-29,NVDA,stock,2026-07-01,put,NVDA260701P00207500,207.5,12.49,12.25,12.65,-1.1599998,-8.498168,2273.0,968,0.39551385742187506,1,194.97000122070312
2026-06-29,NVDA,stock,2026-07-01,put,NVDA260701P00210000,210.0,15.15,14.7,15.2,-1.4500008,-8.734944,3516.0,1203,0.48633326171875,1,194.97000122070312
2026-06-29,NVDA,stock,2026-07-01,put,NVDA260701P00212500,212.5,17.56,16.6,18.55,-0.84000015,-4.5652184,28.0,20,0.8452163916015624,1,194.97000122070312
2026-06-29,NVDA,stock,2026-07-01,put,NVDA260701P00215000,215.0,20.05,19.1,21.25,-1.8200016,-8.321909,12.0,14,0.5898478515625001,1,194.97000122070312
2026-06-29,NVDA,stock,2026-07-01,put,NVDA260701P00217500,217.5,23.44,21.55,23.55,0.0,0.0,1.0,0,0.9960937890625,1,194.97000122070312
2026-06-29,NVDA,stock,2026-07-01,put,NVDA260701P00220000,220.0,25.7,24.15,25.25,0.0,0.0,46.0,0,0.7539087109375,1,194.97000122070312
2026-06-29,NVDA,stock,2026-07-01,put,NVDA260701P00222500,222.5,29.4,26.55,28.55,0.0,0.0,38.0,0,0.57812921875,1,194.97000122070312
2026-06-29,NVDA,stock,2026-07-01,put,NVDA260701P00225000,225.0,31.03,29.0,31.05,0.0,0.0,6.0,0,1.2060586572265624,1,194.97000122070312
2026-06-29,NVDA,stock,2026-07-01,put,NVDA260701P00227500,227.5,33.47,31.6,33.55,0.0,0.0,1000.0,0,0.726565234375,1,194.97000122070312
2026-06-29,NVDA,stock,2026-07-01,put,NVDA260701P00230000,230.0,38.8,34.0,36.1,17.5,82.15963,2.0,0,0.70312796875,1,194.97000122070312
2026-06-29,NVDA,stock,2026-07-01,put,NVDA260701P00240000,240.0,31.4,44.0,46.05,0.0,0.0,,0,1.5825216186523434,1,194.97000122070312
2026-06-29,NVDA,stock,2026-07-01,put,NVDA260701P00260000,260.0,47.3,63.95,66.05,0.0,0.0,,2,2.019536201171875,1,194.97000122070312
2026-06-29,NVDA,stock,2026-07-01,put,NVDA260701P00270000,270.0,77.68,73.95,76.05,0.0,0.0,1.0,0,2.2177778930664056,1,194.97000122070312
2026-06-29,NVDA,stock,2026-07-02,call,NVDA260702C00050000,50.0,144.84,142.3,147.8,2.3600006,1.6563733,25.0,11,5.046878691406249,1,194.97000122070312
2026-06-29,NVDA,stock,2026-07-02,call,NVDA260702C00055000,55.0,139.44,137.3,142.8,0.32000732,0.23002252,5.0,11,4.70312912109375,1,194.97000122070312
2026-06-29,NVDA,stock,2026-07-02,call,NVDA260702C00060000,60.0,134.42,132.3,137.8,0.0,0.0,828.0,84,4.39062951171875,1,194.97000122070312
2026-06-29,NVDA,stock,2026-07-02,call,NVDA260702C00065000,65.0,129.44,127.35,132.8,0.0,0.0,818.0,87,4.23437970703125,1,194.97000122070312
2026-06-29,NVDA,stock,2026-07-02,call,NVDA260702C00070000,70.0,132.97,122.35,127.8,0.0,0.0,10.0,5,3.9609375976562498,1,194.97000122070312
2026-06-29,NVDA,stock,2026-07-02,call,NVDA260702C00075000,75.0,127.27,117.35,122.8,0.0,0.0,8.0,4,3.71093822265625,1,194.97000122070312
2026-06-29,NVDA,stock,2026-07-02,call,NVDA260702C00080000,80.0,114.9,112.35,117.8,0.0,0.0,322.0,29,3.4765638085937502,1,194.97000122070312
2026-06-29,NVDA,stock,2026-07-02,call,NVDA260702C00085000,85.0,109.92,107.35,112.85,0.0,0.0,322.0,32,3.3359391601562494,1,194.97000122070312
2026-06-29,NVDA,stock,2026-07-02,call,NVDA260702C00090000,90.0,104.76,102.35,107.85,0.0,0.0,4.0,13,3.1250021875,1,194.97000122070312
2026-06-29,NVDA,stock,2026-07-02,call,NVDA260702C00095000,95.0,99.57,97.4,102.85,-24.07,-19.46781,12.0,1,2.988283779296875,1,194.97000122070312
2026-06-29,NVDA,stock,2026-07-02,call,NVDA260702C00100000,100.0,94.57,92.35,97.85,-7.550003,-7.3932657,13.0,6,2.72656568359375,1,194.97000122070312
2026-06-29,NVDA,stock,2026-07-02,call,NVDA260702C00105000,105.0,104.29,87.35,92.85,0.0,0.0,2.0,1,2.5468786328124997,1,194.97000122070312
2026-06-29,NVDA,stock,2026-07-02,call,NVDA260702C00110000,110.0,84.68,82.4,87.85,0.0,0.0,5.0,9,2.425785185546875,1,194.97000122070312
2026-06-29,NVDA,stock,2026-07-02,call,NVDA260702C00115000,115.0,94.82,77.35,82.85,0.0,0.0,3.0,8,2.2031294921874993,1,194.97000122070312
2026-06-29,NVDA,stock,2026-07-02,call,NVDA260702C00120000,120.0,74.85,72.4,77.85,-14.110001,-15.861061,2.0,3,2.0898485253906243,1,194.97000122070312
2026-06-29,NVDA,stock,2026-07-02,call,NVDA260702C00125000,125.0,69.7,67.4,72.85,0.0,0.0,3.0,6,1.93359408203125,1,194.97000122070312
2026-06-29,NVDA,stock,2026-07-02,call,NVDA260702C00130000,130.0,64.0,62.45,67.85,-0.6500015,-1.0054162,3.0,26,1.818360283203125,1,194.97000122070312
2026-06-29,NVDA,stock,2026-07-02,call,NVDA260702C00135000,135.0,60.17,57.45,62.9,-8.279999,-12.096419,10.0,31,1.6992202539062502,1,194.97000122070312
2026-06-29,NVDA,stock,2026-07-02,call,NVDA260702C00140000,140.0,55.3,52.4,57.9,0.25,0.45413262,31.0,78,1.5214867675781247,1,194.97000122070312
2026-06-29,NVDA,stock,2026-07-02,call,NVDA260702C00145000,145.0,50.31,47.45,52.9,0.47999954,0.9632742,3.0,67,1.408206083984375,1,194.97000122070312
2026-06-29,NVDA,stock,2026-07-02,call,NVDA260702C00150000,150.0,45.18,44.1,47.05,-1.2200012,-2.629313,20.0,86,1.5419944775390624,1,194.97000122070312
2026-06-29,NVDA,stock,2026-07-02,call,NVDA260702C00155000,155.0,40.41,37.45,42.85,0.3600006,0.8988779,11.0,62,1.107426337890625,1,194.97000122070312
2026-06-29,NVDA,stock,2026-07-02,call,NVDA260702C00160000,160.0,35.35,35.05,35.35,0.36999893,1.0577443,282.0,1055,1.015629921875,1,194.97000122070312
2026-06-29,NVDA,stock,2026-07-02,call,NVDA260702C00165000,165.0,30.01,29.55,30.4,2.0100002,7.1785727,8.0,966,0.5468795312500001,1,194.97000122070312
2026-06-29,NVDA,stock,2026-07-02,call,NVDA260702C00170000,170.0,24.56,23.8,25.75,1.5599995,6.782606,22.0,912,0.9775392871093751,1,194.97000122070312
2026-06-29,NVDA,stock,2026-07-02,call,NVDA260702C00175000,175.0,19.64,19.2,20.45,0.84000015,4.4680862,3859.0,755,0.7221707470703125,1,194.97000122070312
2026-06-29,NVDA,stock,2026-07-02,call,NVDA260702C00177500,177.5,17.0,15.1,19.7,0.87999916,5.4590516,1460.0,23,1.0498094384765626,1,194.97000122070312
2026-06-29,NVDA,stock,2026-07-02,call,NVDA260702C00180000,180.0,15.27,15.2,15.45,1.3400002,9.619527,6967.0,2132,0.532231240234375,1,194.97000122070312
2026-06-29,NVDA,stock,2026-07-02,call,NVDA260702C00182500,182.5,12.68,12.75,12.9,1.8299999,16.86636,2448.0,747,0.48340360351562506,1,194.97000122070312
2026-06-29,NVDA,stock,2026-07-02,call,NVDA260702C00185000,185.0,10.6,9.9,10.8,2.3500004,28.484852,12873.0,2949,0.5014698291015626,1,194.97000122070312
2026-06-29,NVDA,stock,2026-07-02,call,NVDA260702C00187500,187.5,8.4,8.15,8.3,0.90999985,12.149531,1088.0,869,0.414068359375,1,194.97000122070312
2026-06-29,NVDA,stock,2026-07-02,call,NVDA260702C00190000,190.0,6.31,6.1,6.2,1.4099998,28.775507,5259.0,5953,0.3859924682617187,1,194.97000122070312
2026-06-29,NVDA,stock,2026-07-02,call,NVDA260702C00192500,192.5,4.45,4.3,4.45,0.89999986,25.352108,8872.0,2302,0.37793590820312495,1,194.97000122070312
2026-06-29,NVDA,stock,2026-07-02,call,NVDA260702C00195000,195.0,2.85,2.82,2.85,0.39999986,16.326525,35638.0,9248,0.3518131225585937,0,194.97000122070312
2026-06-29,NVDA,stock,2026-07-02,call,NVDA260702C00197500,197.5,1.8,1.73,1.78,0.19999993,12.499995,21364.0,12598,0.3501041552734374,0,194.97000122070312
2026-06-29,NVDA,stock,2026-07-02,call,NVDA260702C00200000,200.0,1.02,1.0,1.03,0.00999999,0.99009806,62576.0,39539,0.3481510498046875,0,194.97000122070312
2026-06-29,NVDA,stock,2026-07-02,call,NVDA260702C00202500,202.5,0.55,0.55,0.57,-0.110000014,-16.66667,31857.0,43332,0.3505924316406249,0,194.97000122070312
2026-06-29,NVDA,stock,2026-07-02,call,NVDA260702C00205000,205.0,0.28,0.28,0.29,-0.120000005,-30.0,47568.0,33178,0.3505924316406249,0,194.97000122070312
2026-06-29,NVDA,stock,2026-07-02,call,NVDA260702C00207500,207.5,0.15,0.13,0.15,-0.099999994,-39.999996,14414.0,40950,0.35742830078125,0,194.97000122070312
2026-06-29,NVDA,stock,2026-07-02,call,NVDA260702C00210000,210.0,0.07,0.06,0.07,-0.089999996,-56.25,24656.0,44627,0.35938140625,0,194.97000122070312
2026-06-29,NVDA,stock,2026-07-02,call,NVDA260702C00212500,212.5,0.03,0.03,0.04,-0.08,-72.72727,7402.0,11677,0.37500625,0,194.97000122070312
2026-06-29,NVDA,stock,2026-07-02,call,NVDA260702C00215000,215.0,0.03,0.02,0.03,-0.049999997,-62.499996,13304.0,27240,0.4023497265625,0,194.97000122070312
2026-06-29,NVDA,stock,2026-07-02,call,NVDA260702C00217500,217.5,0.02,0.01,0.02,-0.04,-66.66667,2020.0,4892,0.42188078125,0,194.97000122070312
2026-06-29,NVDA,stock,2026-07-02,call,NVDA260702C00220000,220.0,0.01,0.01,0.02,-0.03,-75.0,4504.0,23734,0.46094289062500005,0,194.97000122070312
2026-06-29,NVDA,stock,2026-07-02,call,NVDA260702C00222500,222.5,0.01,0.01,0.02,-0.03,-75.0,892.0,2084,0.500005,0,194.97000122070312
2026-06-29,NVDA,stock,2026-07-02,call,NVDA260702C00225000,225.0,0.01,0.0,0.01,-0.01,-50.0,845.0,9913,0.500005,0,194.97000122070312
2026-06-29,NVDA,stock,2026-07-02,call,NVDA260702C00227500,227.5,0.01,0.0,0.01,-0.01,-50.0,893.0,1587,0.500005,0,194.97000122070312
2026-06-29,NVDA,stock,2026-07-02,call,NVDA260702C00230000,230.0,0.01,0.0,0.01,-0.01,-50.0,2178.0,13463,0.5312546875,0,194.97000122070312
2026-06-29,NVDA,stock,2026-07-02,call,NVDA260702C00232500,232.5,0.01,0.0,0.01,0.0,0.0,394.0,427,0.5625043750000001,0,194.97000122070312
2026-06-29,NVDA,stock,2026-07-02,call,NVDA260702C00235000,235.0,0.01,0.0,0.01,0.0,0.0,606.0,10047,0.5937540625000001,0,194.97000122070312
2026-06-29,NVDA,stock,2026-07-02,call,NVDA260702C00237500,237.5,0.01,0.0,0.01,0.0,0.0,428.0,801,0.6250037500000001,0,194.97000122070312
2026-06-29,NVDA,stock,2026-07-02,call,NVDA260702C00240000,240.0,0.01,0.0,0.01,-0.01,-50.0,191.0,7982,0.6562534375000001,0,194.97000122070312
2026-06-29,NVDA,stock,2026-07-02,call,NVDA260702C00245000,245.0,0.01,0.0,0.01,0.0,0.0,42.0,7876,0.7187528125,0,194.97000122070312
2026-06-29,NVDA,stock,2026-07-02,call,NVDA260702C00250000,250.0,0.01,0.0,0.01,0.0,0.0,36.0,8796,0.7812521875,0,194.97000122070312
2026-06-29,NVDA,stock,2026-07-02,call,NVDA260702C00255000,255.0,0.01,0.0,0.01,0.0,0.0,50.0,1560,0.8125018749999999,0,194.97000122070312
2026-06-29,NVDA,stock,2026-07-02,call,NVDA260702C00260000,260.0,0.01,0.0,0.01,0.0,0.0,16.0,3510,0.87500125,0,194.97000122070312
2026-06-29,NVDA,stock,2026-07-02,call,NVDA260702C00265000,265.0,0.01,0.0,0.01,0.0,0.0,7.0,869,0.937500625,0,194.97000122070312
2026-06-29,NVDA,stock,2026-07-02,call,NVDA260702C00270000,270.0,0.01,0.0,0.01,0.0,0.0,10.0,2335,0.9687503125,0,194.97000122070312
2026-06-29,NVDA,stock,2026-07-02,call,NVDA260702C00275000,275.0,0.01,0.0,0.01,0.0,0.0,16.0,2321,1.0312548437500002,0,194.97000122070312
2026-06-29,NVDA,stock,2026-07-02,call,NVDA260702C00280000,280.0,0.01,0.0,0.01,0.0,0.0,10.0,1103,1.09375453125,0,194.97000122070312
2026-06-29,NVDA,stock,2026-07-02,call,NVDA260702C00285000,285.0,0.01,0.0,0.01,0.0,0.0,1.0,358,1.125004375,0,194.97000122070312
2026-06-29,NVDA,stock,2026-07-02,call,NVDA260702C00290000,290.0,0.01,0.0,0.01,0.0,0.0,8.0,1096,1.1875040625,0,194.97000122070312
2026-06-29,NVDA,stock,2026-07-02,call,NVDA260702C00295000,295.0,0.01,0.0,0.01,0.0,0.0,54.0,301,1.21875390625,0,194.97000122070312
2026-06-29,NVDA,stock,2026-07-02,call,NVDA260702C00300000,300.0,0.01,0.0,0.01,0.0,0.0,3.0,1323,1.2500037499999999,0,194.97000122070312
2026-06-29,NVDA,stock,2026-07-02,call,NVDA260702C00305000,305.0,0.02,0.0,0.01,0.0,0.0,1.0,1292,1.3125034374999998,0,194.97000122070312
2026-06-29,NVDA,stock,2026-07-02,call,NVDA260702C00310000,310.0,0.01,0.0,0.01,0.0,0.0,5.0,130,1.3437532812499997,0,194.97000122070312
2026-06-29,NVDA,stock,2026-07-02,call,NVDA260702C00315000,315.0,0.01,0.0,0.01,0.0,0.0,5.0,339,1.40625296875,0,194.97000122070312
2026-06-29,NVDA,stock,2026-07-02,call,NVDA260702C00320000,320.0,0.02,0.0,0.01,0.0,0.0,3.0,324,1.4375028125,0,194.97000122070312
2026-06-29,NVDA,stock,2026-07-02,call,NVDA260702C00325000,325.0,0.02,0.0,0.01,0.0,0.0,1.0,106,1.5000025,0,194.97000122070312
2026-06-29,NVDA,stock,2026-07-02,call,NVDA260702C00330000,330.0,0.04,0.0,0.01,0.0,0.0,2.0,328,1.5000025,0,194.97000122070312
2026-06-29,NVDA,stock,2026-07-02,call,NVDA260702C00335000,335.0,0.01,0.0,0.01,0.0,0.0,1.0,43,1.5625021874999998,0,194.97000122070312
2026-06-29,NVDA,stock,2026-07-02,call,NVDA260702C00340000,340.0,0.04,0.0,0.01,0.0,0.0,6.0,75,1.5937520312499998,0,194.97000122070312
2026-06-29,NVDA,stock,2026-07-02,call,NVDA260702C00345000,345.0,0.01,0.0,0.01,0.0,0.0,10.0,73,1.625001875,0,194.97000122070312
2026-06-29,NVDA,stock,2026-07-02,call,NVDA260702C00350000,350.0,0.01,0.0,0.01,0.0,0.0,1.0,329,1.6875015625,0,194.97000122070312
2026-06-29,NVDA,stock,2026-07-02,call,NVDA260702C00360000,360.0,0.01,0.0,0.01,0.0,0.0,4.0,72,1.75000125,0,194.97000122070312
2026-06-29,NVDA,stock,2026-07-02,call,NVDA260702C00370000,370.0,0.05,0.0,0.01,0.0,0.0,2.0,7,1.8125009374999999,0,194.97000122070312
2026-06-29,NVDA,stock,2026-07-02,call,NVDA260702C00380000,380.0,0.01,0.0,0.01,0.0,0.0,13.0,36,1.875000625,0,194.97000122070312
2026-06-29,NVDA,stock,2026-07-02,call,NVDA260702C00390000,390.0,0.03,0.0,0.01,0.0,0.0,,227,1.9375003125,0,194.97000122070312
2026-06-29,NVDA,stock,2026-07-02,call,NVDA260702C00400000,400.0,0.01,0.0,0.01,0.0,0.0,5.0,99,2.000005,0,194.97000122070312
2026-06-29,NVDA,stock,2026-07-02,call,NVDA260702C00410000,410.0,0.01,0.0,0.01,-0.01,-50.0,2.0,50,2.0625048437499998,0,194.97000122070312
2026-06-29,NVDA,stock,2026-07-02,call,NVDA260702C00420000,420.0,0.01,0.0,0.01,0.0,0.0,1.0,38,2.1250046874999997,0,194.97000122070312
2026-06-29,NVDA,stock,2026-07-02,call,NVDA260702C00430000,430.0,0.02,0.0,0.01,0.0,0.0,1.0,27,2.1875045312499997,0,194.97000122070312
2026-06-29,NVDA,stock,2026-07-02,call,NVDA260702C00450000,450.0,0.04,0.0,0.01,0.0,0.0,6.0,20,2.3125042187499996,0,194.97000122070312
2026-06-29,NVDA,stock,2026-07-02,call,NVDA260702C00460000,460.0,0.01,0.0,0.01,0.0,0.0,1.0,3,2.3750040624999995,0,194.97000122070312
2026-06-29,NVDA,stock,2026-07-02,put,NVDA260702P00050000,50.0,0.01,0.0,0.01,0.0,0.0,6.0,8,3.8750003125,0,194.97000122070312
2026-06-29,NVDA,stock,2026-07-02,put,NVDA260702P00055000,55.0,0.01,0.0,0.01,0.0,0.0,2.0,20,3.6250009375000003,0,194.97000122070312
2026-06-29,NVDA,stock,2026-07-02,put,NVDA260702P00060000,60.0,0.01,0.0,0.01,0.0,0.0,1.0,10,3.3750015624999996,0,194.97000122070312
2026-06-29,NVDA,stock,2026-07-02,put,NVDA260702P00065000,65.0,0.01,0.0,0.01,0.0,0.0,1.0,21,3.1875020312499998,0,194.97000122070312
2026-06-29,NVDA,stock,2026-07-02,put,NVDA260702P00070000,70.0,0.01,0.0,0.01,0.0,0.0,,30,3.0000025,0,194.97000122070312
2026-06-29,NVDA,stock,2026-07-02,put,NVDA260702P00075000,75.0,0.01,0.0,0.01,0.0,0.0,220.0,284,2.750003125,0,194.97000122070312
2026-06-29,NVDA,stock,2026-07-02,put,NVDA260702P00080000,80.0,0.01,0.0,0.01,0.0,0.0,1.0,636,2.6250034375,0,194.97000122070312
2026-06-29,NVDA,stock,2026-07-02,put,NVDA260702P00085000,85.0,0.01,0.0,0.01,0.0,0.0,32.0,260,2.43750390625,0,194.97000122070312
2026-06-29,NVDA,stock,2026-07-02,put,NVDA260702P00090000,90.0,0.02,0.0,0.01,0.0,0.0,1.0,18,2.2500043749999996,0,194.97000122070312
2026-06-29,NVDA,stock,2026-07-02,put,NVDA260702P00095000,95.0,0.01,0.0,0.01,0.0,0.0,11710.0,12175,2.1250046874999997,0,194.97000122070312
2026-06-29,NVDA,stock,2026-07-02,put,NVDA260702P00100000,100.0,0.02,0.0,0.01,0.01,100.0,49.0,8666,1.96875015625,0,194.97000122070312
2026-06-29,NVDA,stock,2026-07-02,put,NVDA260702P00105000,105.0,0.01,0.0,0.02,0.0,0.0,8381.0,13088,1.9375003125,0,194.97000122070312
2026-06-29,NVDA,stock,2026-07-02,put,NVDA260702P00110000,110.0,0.01,0.0,0.01,0.0,0.0,3.0,7032,1.6875015625,0,194.97000122070312
2026-06-29,NVDA,stock,2026-07-02,put,NVDA260702P00115000,115.0,0.01,0.0,0.01,0.0,0.0,549.0,3971,1.5625021874999998,0,194.97000122070312
2026-06-29,NVDA,stock,2026-07-02,put,NVDA260702P00120000,120.0,0.01,0.0,0.01,-0.01,-50.0,16.0,13803,1.46875265625,0,194.97000122070312
2026-06-29,NVDA,stock,2026-07-02,put,NVDA260702P00125000,125.0,0.01,0.0,0.01,0.0,0.0,1087.0,2321,1.3437532812499997,0,194.97000122070312
2026-06-29,NVDA,stock,2026-07-02,put,NVDA260702P00130000,130.0,0.01,0.01,0.02,-0.01,-50.0,952.0,2558,1.359378203125,0,194.97000122070312
2026-06-29,NVDA,stock,2026-07-02,put,NVDA260702P00135000,135.0,0.02,0.01,0.02,0.0,0.0,29.0,2526,1.2500037499999999,0,194.97000122070312
2026-06-29,NVDA,stock,2026-07-02,put,NVDA260702P00140000,140.0,0.02,0.01,0.03,0.0,0.0,138.0,3987,1.1640666796875,0,194.97000122070312
2026-06-29,NVDA,stock,2026-07-02,put,NVDA260702P00145000,145.0,0.02,0.01,0.02,-0.01,-33.333336,1020.0,761,1.015629921875,0,194.97000122070312
2026-06-29,NVDA,stock,2026-07-02,put,NVDA260702P00150000,150.0,0.02,0.02,0.03,-0.030000001,-60.0,3164.0,13650,0.9609378906249999,0,194.97000122070312
2026-06-29,NVDA,stock,2026-07-02,put,NVDA260702P00155000,155.0,0.03,0.02,0.03,-0.020000001,-40.000004,7189.0,4934,0.851563984375,0,194.97000122070312
2026-06-29,NVDA,stock,2026-07-02,put,NVDA260702P00160000,160.0,0.03,0.03,0.04,-0.03,-50.0,3395.0,7900,0.773439765625,0,194.97000122070312
2026-06-29,NVDA,stock,2026-07-02,put,NVDA260702P00165000,165.0,0.04,0.04,0.05,-0.050000004,-55.555557,8274.0,5196,0.6875031250000001,0,194.97000122070312
2026-06-29,NVDA,stock,2026-07-02,put,NVDA260702P00170000,170.0,0.06,0.05,0.06,-0.06999999,-53.84615,1010.0,3777,0.5937540625000001,0,194.97000122070312
2026-06-29,NVDA,stock,2026-07-02,put,NVDA260702P00175000,175.0,0.07,0.07,0.08,-0.16999999,-70.83333,6802.0,4418,0.50586431640625,0,194.97000122070312
2026-06-29,NVDA,stock,2026-07-02,put,NVDA260702P00177500,177.5,0.1,0.09,0.1,-0.22,-68.75,1013.0,4539,0.47070841796875,0,194.97000122070312
2026-06-29,NVDA,stock,2026-07-02,put,NVDA260702P00180000,180.0,0.13,0.13,0.14,-0.37,-74.0,6407.0,8030,0.437505625,0,194.97000122070312
2026-06-29,NVDA,stock,2026-07-02,put,NVDA260702P00182500,182.5,0.21,0.21,0.22,-0.54,-72.00001,3428.0,2878,0.411138701171875,0,194.97000122070312
2026-06-29,NVDA,stock,2026-07-02,put,NVDA260702P00185000,185.0,0.34,0.34,0.35,-0.86,-71.666664,13268.0,48367,0.3857483300781249,0,194.97000122070312
2026-06-29,NVDA,stock,2026-07-02,put,NVDA260702P00187500,187.5,0.59,0.57,0.6,-1.1400001,-65.89596,14452.0,5216,0.36865865722656255,0,194.97000122070312
2026-06-29,NVDA,stock,2026-07-02,put,NVDA260702P00190000,190.0,1.02,0.99,1.02,-1.6800001,-62.22222,21478.0,18482,0.3532779516601562,0,194.97000122070312
2026-06-29,NVDA,stock,2026-07-02,put,NVDA260702P00192500,192.5,1.7,1.67,1.71,-2.1399999,-55.729164,12182.0,6056,0.3425358715820312,0,194.97000122070312
2026-06-29,NVDA,stock,2026-07-02,put,NVDA260702P00195000,195.0,2.66,2.66,2.77,-2.49,-48.349514,12213.0,13478,0.33838552246093745,1,194.97000122070312
2026-06-29,NVDA,stock,2026-07-02,put,NVDA260702P00197500,197.5,4.03,4.1,4.2,-2.8199997,-41.16788,2595.0,3990,0.335944140625,1,194.97000122070312
2026-06-29,NVDA,stock,2026-07-02,put,NVDA260702P00200000,200.0,5.9,5.85,5.95,-3.1,-34.444443,10294.0,22196,0.331061376953125,1,194.97000122070312
2026-06-29,NVDA,stock,2026-07-02,put,NVDA260702P00202500,202.5,7.95,7.9,8.05,-2.7300005,-25.561802,4721.0,2683,0.3398503515625,1,194.97000122070312
2026-06-29,NVDA,stock,2026-07-02,put,NVDA260702P00205000,205.0,10.13,10.0,10.75,-2.7200003,-21.167316,3882.0,9849,0.4558159887695313,1,194.97000122070312
2026-06-29,NVDA,stock,2026-07-02,put,NVDA260702P00207500,207.5,12.56,12.05,12.7,-3.0899992,-19.744404,2136.0,1541,0.3667055517578125,1,194.97000122070312
2026-06-29,NVDA,stock,2026-07-02,put,NVDA260702P00210000,210.0,15.0,14.75,15.2,-2.9500008,-16.434544,3459.0,8463,0.42188078125,1,194.97000122070312
2026-06-29,NVDA,stock,2026-07-02,put,NVDA260702P00212500,212.5,17.9,16.9,17.7,-1.1900005,-6.233633,547.0,733,0.47461462890625,1,194.97000122070312
2026-06-29,NVDA,stock,2026-07-02,put,NVDA260702P00215000,215.0,20.17,19.6,20.95,-2.1299992,-9.551566,193.0,380,0.5634809277343751,1,194.97000122070312
2026-06-29,NVDA,stock,2026-07-02,put,NVDA260702P00217500,217.5,22.37,21.95,23.3,-0.8299999,-3.5775857,16.0,15,0.5214891601562499,1,194.97000122070312
2026-06-29,NVDA,stock,2026-07-02,put,NVDA260702P00220000,220.0,25.1,24.4,25.7,-0.54999924,-2.1442466,52.0,178,0.8291032714843749,1,194.97000122070312
2026-06-29,NVDA,stock,2026-07-02,put,NVDA260702P00222500,222.5,27.71,26.8,28.3,0.0,0.0,32.0,0,0.500005,1,194.97000122070312
2026-06-29,NVDA,stock,2026-07-02,put,NVDA260702P00225000,225.0,31.55,29.65,30.4,0.5999985,1.9386057,11.0,7,0.8271501660156249,1,194.97000122070312
2026-06-29,NVDA,stock,2026-07-02,put,NVDA260702P00227500,227.5,33.1,31.9,33.3,-1.7000008,-4.88506,12.0,0,0.6679720703125002,1,194.97000122070312
2026-06-29,NVDA,stock,2026-07-02,put,NVDA260702P00230000,230.0,35.88,34.25,35.45,-0.4699974,-1.2929778,6.0,30,0.9492192578124999,1,194.97000122070312
2026-06-29,NVDA,stock,2026-07-02,put,NVDA260702P00235000,235.0,40.92,39.4,40.8,0.0,0.0,12.0,0,0.7851583984375,1,194.97000122070312
2026-06-29,NVDA,stock,2026-07-02,put,NVDA260702P00240000,240.0,30.2,44.4,45.8,0.0,0.0,140.0,0,0.86132951171875,1,194.97000122070312
2026-06-29,NVDA,stock,2026-07-02,put,NVDA260702P00245000,245.0,39.09,49.3,50.8,0.0,0.0,13.0,0,0.8125018749999999,1,194.97000122070312
2026-06-29,NVDA,stock,2026-07-02,put,NVDA260702P00250000,250.0,41.79,54.3,55.8,0.0,0.0,2.0,0,0.87500125,1,194.97000122070312
2026-06-29,NVDA,stock,2026-07-02,put,NVDA260702P00255000,255.0,45.95,59.4,60.8,0.0,0.0,2.0,0,1.0742233789062503,1,194.97000122070312
2026-06-29,NVDA,stock,2026-07-02,put,NVDA260702P00260000,260.0,65.6,64.25,65.8,0.0,0.0,15.0,10,1.650392373046875,1,194.97000122070312
2026-06-29,NVDA,stock,2026-07-02,put,NVDA260702P00265000,265.0,45.09,69.3,70.8,0.0,0.0,,0,1.0546922265625,1,194.97000122070312
2026-06-29,NVDA,stock,2026-07-02,put,NVDA260702P00275000,275.0,53.92,79.4,80.8,0.0,0.0,2.0,0,1.3281283593749997,1,194.97000122070312
2026-06-29,NVDA,stock,2026-07-02,put,NVDA260702P00280000,280.0,64.39,84.3,85.8,0.0,0.0,,0,1.21875390625,1,194.97000122070312
2026-06-29,NVDA,stock,2026-07-02,put,NVDA260702P00285000,285.0,69.39,89.3,90.8,0.0,0.0,,0,1.2734411328124997,1,194.97000122070312
2026-06-29,NVDA,stock,2026-07-06,call,NVDA260706C00135000,135.0,59.74,56.95,63.3,0.0,0.0,2.0,1,1.154301103515625,1,194.97000122070312
2026-06-29,NVDA,stock,2026-07-06,call,NVDA260706C00150000,150.0,46.43,41.95,48.35,0.0,0.0,1.0,1,0.877930908203125,1,194.97000122070312
2026-06-29,NVDA,stock,2026-07-06,call,NVDA260706C00155000,155.0,38.94,37.0,42.4,0.0,0.0,1.0,1,1.3999053442382814,1,194.97000122070312
2026-06-29,NVDA,stock,2026-07-06,call,NVDA260706C00160000,160.0,35.62,32.0,35.7,0.0,0.0,,7,0.90429783203125,1,194.97000122070312
2026-06-29,NVDA,stock,2026-07-06,call,NVDA260706C00165000,165.0,45.14,29.75,30.75,0.0,0.0,,0,0.6455113574218749,1,194.97000122070312
2026-06-29,NVDA,stock,2026-07-06,call,NVDA260706C00170000,170.0,24.46,22.0,27.25,0.13999939,0.5756554,2.0,22,0.9565434033203124,1,194.97000122070312
2026-06-29,NVDA,stock,2026-07-06,call,NVDA260706C00175000,175.0,20.2,17.35,23.15,0.80000114,4.1237173,4.0,37,0.9355475195312499,1,194.97000122070312
2026-06-29,NVDA,stock,2026-07-06,call,NVDA260706C00177500,177.5,16.78,17.55,18.3,-0.40999985,-2.3851066,14.0,10,0.5307664111328125,1,194.97000122070312
2026-06-29,NVDA,stock,2026-07-06,call,NVDA260706C00180000,180.0,15.3,15.2,15.9,1.8000002,13.333335,176.0,97,0.4899953344726563,1,194.97000122070312
2026-06-29,NVDA,stock,2026-07-06,call,NVDA260706C00182500,182.5,13.5,12.8,13.45,2.37,21.293798,380.0,14,0.43774976318359377,1,194.97000122070312
2026-06-29,NVDA,stock,2026-07-06,call,NVDA260706C00185000,185.0,10.65,10.5,11.1,0.4699993,4.616889,536.0,100,0.39624627197265627,1,194.97000122070312
2026-06-29,NVDA,stock,2026-07-06,call,NVDA260706C00187500,187.5,8.61,8.5,8.9,1.3599997,18.758617,2164.0,44,0.366217275390625,1,194.97000122070312
2026-06-29,NVDA,stock,2026-07-06,call,NVDA260706C00190000,190.0,6.66,6.55,6.85,1.1599998,21.090906,1744.0,522,0.3402165588378906,1,194.97000122070312
2026-06-29,NVDA,stock,2026-07-06,call,NVDA260706C00192500,192.5,5.07,4.9,5.1,1.0700002,26.750004,1670.0,343,0.32642275146484373,1,194.97000122070312
2026-06-29,NVDA,stock,2026-07-06,call,NVDA260706C00195000,195.0,3.6,3.45,3.55,0.6999998,24.137924,4932.0,1357,0.309577216796875,0,194.97000122070312
2026-06-29,NVDA,stock,2026-07-06,call,NVDA260706C00197500,197.5,2.44,2.31,2.42,0.44000006,22.000004,1911.0,801,0.305671005859375,0,194.97000122070312
2026-06-29,NVDA,stock,2026-07-06,call,NVDA260706C00200000,200.0,1.55,1.52,1.57,0.19999993,14.814809,8772.0,3537,0.30261927856445314,0,194.97000122070312
2026-06-29,NVDA,stock,2026-07-06,call,NVDA260706C00202500,202.5,0.96,0.95,0.98,0.060000002,6.666667,3321.0,1049,0.301764794921875,0,194.97000122070312
2026-06-29,NVDA,stock,2026-07-06,call,NVDA260706C00205000,205.0,0.57,0.56,0.58,-0.050000012,-8.064518,3290.0,5707,0.3007882421875,0,194.97000122070312
2026-06-29,NVDA,stock,2026-07-06,call,NVDA260706C00207500,207.5,0.34,0.31,0.34,-0.060000002,-15.0,1242.0,715,0.30322962402343745,0,194.97000122070312
2026-06-29,NVDA,stock,2026-07-06,call,NVDA260706C00210000,210.0,0.18,0.17,0.19,-0.120000005,-40.0,1928.0,1659,0.304694453125,0,194.97000122070312
2026-06-29,NVDA,stock,2026-07-06,call,NVDA260706C00212500,212.5,0.1,0.09,0.11,-0.12,-54.545456,934.0,349,0.309577216796875,0,194.97000122070312
2026-06-29,NVDA,stock,2026-07-06,call,NVDA260706C00215000,215.0,0.07,0.06,0.07,-0.07,-50.0,1280.0,1613,0.32031929687499994,0,194.97000122070312
2026-06-29,NVDA,stock,2026-07-06,call,NVDA260706C00217500,217.5,0.04,0.04,0.05,-0.060000002,-60.0,345.0,239,0.335944140625,0,194.97000122070312
2026-06-29,NVDA,stock,2026-07-06,call,NVDA260706C00220000,220.0,0.03,0.03,0.04,-0.049999997,-62.499996,1052.0,1673,0.35547519531249994,0,194.97000122070312
2026-06-29,NVDA,stock,2026-07-06,call,NVDA260706C00222500,222.5,0.02,0.01,0.03,-0.04,-66.66667,183.0,128,0.3711000390625,0,194.97000122070312
2026-06-29,NVDA,stock,2026-07-06,call,NVDA260706C00225000,225.0,0.02,0.01,0.03,-0.030000001,-60.0,138.0,593,0.398443515625,0,194.97000122070312
2026-06-29,NVDA,stock,2026-07-06,call,NVDA260706C00227500,227.5,0.01,0.01,0.02,-0.04,-80.00001,54.0,246,0.4062559375,0,194.97000122070312
2026-06-29,NVDA,stock,2026-07-06,call,NVDA260706C00230000,230.0,0.02,0.0,0.02,-0.01,-33.333336,145.0,723,0.42969320312500003,0,194.97000122070312
2026-06-29,NVDA,stock,2026-07-06,call,NVDA260706C00232500,232.5,0.02,0.0,0.02,0.0,0.0,51.0,143,0.45313046875,0,194.97000122070312
2026-06-29,NVDA,stock,2026-07-06,call,NVDA260706C00235000,235.0,0.01,0.0,0.02,-0.02,-66.66667,11.0,247,0.476567734375,0,194.97000122070312
2026-06-29,NVDA,stock,2026-07-06,call,NVDA260706C00237500,237.5,0.03,0.0,0.02,0.0,0.0,2.0,0,0.5039112109375,0,194.97000122070312
2026-06-29,NVDA,stock,2026-07-06,call,NVDA260706C00240000,240.0,0.02,0.0,0.02,0.0,0.0,31.0,1163,0.5273484765625001,0,194.97000122070312
2026-06-29,NVDA,stock,2026-07-06,call,NVDA260706C00245000,245.0,0.01,0.0,0.02,-0.01,-50.0,5.0,28,0.5312546875,0,194.97000122070312
2026-06-29,NVDA,stock,2026-07-06,call,NVDA260706C00250000,250.0,0.07,0.0,0.01,0.05,250.0,25.0,30,0.5468795312500001,0,194.97000122070312
2026-06-29,NVDA,stock,2026-07-06,call,NVDA260706C00255000,255.0,0.01,0.0,0.02,-0.02,-66.66667,76.0,9,0.6171913281250001,0,194.97000122070312
2026-06-29,NVDA,stock,2026-07-06,call,NVDA260706C00260000,260.0,0.04,0.0,0.02,0.03,300.0,1.0,21,0.6562534375000001,0,194.97000122070312
2026-06-29,NVDA,stock,2026-07-06,call,NVDA260706C00265000,265.0,0.01,0.0,0.02,0.0,0.0,,2,0.70312796875,0,194.97000122070312
2026-06-29,NVDA,stock,2026-07-06,call,NVDA260706C00270000,270.0,0.01,0.0,0.01,0.0,0.0,150.0,353,0.6875031250000001,0,194.97000122070312
2026-06-29,NVDA,stock,2026-07-06,call,NVDA260706C00275000,275.0,0.03,0.0,0.02,0.0,0.0,,4,0.773439765625,0,194.97000122070312
2026-06-29,NVDA,stock,2026-07-06,call,NVDA260706C00280000,280.0,0.01,0.0,0.02,0.0,0.0,,31,0.8125018749999999,0,194.97000122070312
2026-06-29,NVDA,stock,2026-07-06,put,NVDA260706P00110000,110.0,0.08,0.0,0.03,0.06,300.0,1.0,21,1.3281283593749997,0,194.97000122070312
2026-06-29,NVDA,stock,2026-07-06,put,NVDA260706P00115000,115.0,0.08,0.01,0.03,0.06,300.0,2.0,1,1.2656286718749998,0,194.97000122070312
2026-06-29,NVDA,stock,2026-07-06,put,NVDA260706P00120000,120.0,0.11,0.01,0.03,0.08,266.66666,1.0,1,1.171879140625,0,194.97000122070312
2026-06-29,NVDA,stock,2026-07-06,put,NVDA260706P00125000,125.0,0.03,0.01,0.04,0.0,0.0,11.0,71,1.1015669921875002,0,194.97000122070312
2026-06-29,NVDA,stock,2026-07-06,put,NVDA260706P00130000,130.0,0.04,0.02,0.04,0.0,0.0,4.0,4,1.0312548437500002,0,194.97000122070312
2026-06-29,NVDA,stock,2026-07-06,put,NVDA260706P00135000,135.0,0.05,0.03,0.05,0.0,0.0,1.0,1,0.9726565234375,0,194.97000122070312
2026-06-29,NVDA,stock,2026-07-06,put,NVDA260706P00140000,140.0,0.03,0.03,0.05,-0.03,-50.0,4.0,9,0.8867198828124999,0,194.97000122070312
2026-06-29,NVDA,stock,2026-07-06,put,NVDA260706P00145000,145.0,0.05,0.04,0.06,0.0,0.0,4121.0,37,0.8203142968749999,0,194.97000122070312
2026-06-29,NVDA,stock,2026-07-06,put,NVDA260706P00150000,150.0,0.06,0.05,0.07,0.0,0.0,897.0,49,0.7539087109375,0,194.97000122070312
2026-06-29,NVDA,stock,2026-07-06,put,NVDA260706P00155000,155.0,0.06,0.05,0.08,-0.040000003,-40.000004,249.0,5,0.6757844921875001,0,194.97000122070312
2026-06-29,NVDA,stock,2026-07-06,put,NVDA260706P00160000,160.0,0.07,0.06,0.08,-0.020000003,-22.222223,6.0,137,0.5976602734375001,0,194.97000122070312
2026-06-29,NVDA,stock,2026-07-06,put,NVDA260706P00165000,165.0,0.09,0.08,0.1,-0.019999996,-18.181814,61.0,287,0.5351608984375,0,194.97000122070312
2026-06-29,NVDA,stock,2026-07-06,put,NVDA260706P00170000,170.0,0.1,0.1,0.12,-0.050000004,-33.333336,348.0,292,0.4726615234375,0,194.97000122070312
2026-06-29,NVDA,stock,2026-07-06,put,NVDA260706P00175000,175.0,0.16,0.14,0.17,-0.13,-44.827587,228.0,881,0.411138701171875,0,194.97000122070312
2026-06-29,NVDA,stock,2026-07-06,put,NVDA260706P00177500,177.5,0.2,0.19,0.22,-0.21,-51.219513,41.0,308,0.38477177734374995,0,194.97000122070312
2026-06-29,NVDA,stock,2026-07-06,put,NVDA260706P00180000,180.0,0.27,0.27,0.29,-0.45000002,-62.499996,472.0,2602,0.35938140625,0,194.97000122070312
2026-06-29,NVDA,stock,2026-07-06,put,NVDA260706P00182500,182.5,0.4,0.4,0.43,-0.57000005,-58.76289,358.0,1178,0.34204759521484374,0,194.97000122070312
2026-06-29,NVDA,stock,2026-07-06,put,NVDA260706P00185000,185.0,0.64,0.61,0.64,-0.83000004,-56.46259,7013.0,1716,0.32520206054687495,0,194.97000122070312
2026-06-29,NVDA,stock,2026-07-06,put,NVDA260706P00187500,187.5,0.96,0.95,1.0,-1.02,-51.515152,4616.0,930,0.3147041186523437,0,194.97000122070312
2026-06-29,NVDA,stock,2026-07-06,put,NVDA260706P00190000,190.0,1.46,1.48,1.53,-1.52,-51.00671,2824.0,982,0.304694453125,0,194.97000122070312
2026-06-29,NVDA,stock,2026-07-06,put,NVDA260706P00192500,192.5,2.2,2.24,2.34,-1.8900001,-46.21027,4732.0,748,0.3002999658203125,0,194.97000122070312
2026-06-29,NVDA,stock,2026-07-06,put,NVDA260706P00195000,195.0,3.36,3.3,3.4,-1.74,-34.11765,1243.0,1053,0.29395237304687494,1,194.97000122070312
2026-06-29,NVDA,stock,2026-07-06,put,NVDA260706P00197500,197.5,4.6,4.5,4.8,-2.35,-33.81295,163.0,947,0.29224340576171864,1,194.97000122070312
2026-06-29,NVDA,stock,2026-07-06,put,NVDA260706P00200000,200.0,6.45,6.1,6.45,-2.3900003,-27.036201,229.0,984,0.2873606420898437,1,194.97000122070312
2026-06-29,NVDA,stock,2026-07-06,put,NVDA260706P00202500,202.5,8.44,8.0,8.4,-0.8500004,-9.149628,84.0,268,0.28833719482421866,1,194.97000122070312
2026-06-29,NVDA,stock,2026-07-06,put,NVDA260706P00205000,205.0,10.6,9.85,10.9,-0.17000008,-1.5784594,347.0,779,0.3437565625,1,194.97000122070312
2026-06-29,NVDA,stock,2026-07-06,put,NVDA260706P00207500,207.5,13.52,12.35,12.8,-0.5999994,-4.2492876,97.0,173,0.28711650390624993,1,194.97000122070312
2026-06-29,NVDA,stock,2026-07-06,put,NVDA260706P00210000,210.0,14.96,14.35,16.5,-0.34000015,-2.2222233,158.0,151,0.5310105493164063,1,194.97000122070312
2026-06-29,NVDA,stock,2026-07-06,put,NVDA260706P00212500,212.5,21.6,16.35,18.8,1.8999996,9.644669,10.0,119,0.5549360913085939,1,194.97000122070312
2026-06-29,NVDA,stock,2026-07-06,put,NVDA260706P00215000,215.0,20.24,18.8,21.3,-0.30999947,-1.5085133,2.0,71,0.6040078662109377,1,194.97000122070312
2026-06-29,NVDA,stock,2026-07-06,put,NVDA260706P00217500,217.5,23.87,21.4,23.8,0.0,0.0,6.0,106,0.6508823974609376,1,194.97000122070312
2026-06-29,NVDA,stock,2026-07-06,put,NVDA260706P00220000,220.0,17.1,23.9,26.3,0.0,0.0,,0,0.6967803759765626,1,194.97000122070312
2026-06-29,NVDA,stock,2026-07-06,put,NVDA260706P00222500,222.5,27.89,26.4,28.75,0.0,0.0,,0,0.7324245507812499,1,194.97000122070312
2026-06-29,NVDA,stock,2026-07-06,put,NVDA260706P00225000,225.0,30.78,28.8,31.3,6.2300014,25.376787,7.0,0,0.7841818457031251,1,194.97000122070312
2026-06-29,NVDA,stock,2026-07-06,put,NVDA260706P00230000,230.0,17.85,33.9,36.25,0.0,0.0,,0,0.8579115771484375,1,194.97000122070312
2026-06-29,NVDA,stock,2026-07-06,put,NVDA260706P00232500,232.5,37.75,36.4,38.8,-0.6500015,-1.6927122,6.0,0,0.5293015820312501,1,194.97000122070312
2026-06-29,NVDA,stock,2026-07-08,call,NVDA260708C00110000,110.0,83.34,80.95,88.6,0.0,0.0,1.0,1,2.8339872900390626,1,194.97000122070312
2026-06-29,NVDA,stock,2026-07-08,call,NVDA260708C00135000,135.0,63.75,56.25,63.65,0.0,0.0,,2,2.0175830810546875,1,194.97000122070312
2026-06-29,NVDA,stock,2026-07-08,call,NVDA260708C00155000,155.0,44.55,36.45,43.7,0.0,0.0,,1,0.6445348046875,1,194.97000122070312
2026-06-29,NVDA,stock,2026-07-08,call,NVDA260708C00160000,160.0,35.35,31.45,38.7,0.0,0.0,,1,0.5664105859375,1,194.97000122070312
2026-06-29,NVDA,stock,2026-07-08,call,NVDA260708C00170000,170.0,24.34,21.5,28.85,-0.8299999,-3.2975762,163.0,17,1.05078599609375,1,194.97000122070312
2026-06-29,NVDA,stock,2026-07-08,call,NVDA260708C00172500,172.5,19.05,19.1,26.45,-3.9500008,-17.173916,1.0,26,0.9929199926757812,1,194.97000122070312
2026-06-29,NVDA,stock,2026-07-08,call,NVDA260708C00175000,175.0,19.45,20.15,20.9,-0.8599987,-4.234361,174.0,14,0.5434615966796876,1,194.97000122070312
2026-06-29,NVDA,stock,2026-07-08,call,NVDA260708C00177500,177.5,17.2,17.75,18.5,-0.5299988,-2.989277,16.0,31,0.5065967309570312,1,194.97000122070312
2026-06-29,NVDA,stock,2026-07-08,call,NVDA260708C00180000,180.0,14.85,15.4,16.2,-0.6499996,-4.193546,24.0,34,0.4804739453125,1,194.97000122070312
2026-06-29,NVDA,stock,2026-07-08,call,NVDA260708C00182500,182.5,11.85,13.15,13.85,-0.25,-2.0661156,284.0,8,0.442388388671875,1,194.97000122070312
2026-06-29,NVDA,stock,2026-07-08,call,NVDA260708C00185000,185.0,11.15,10.95,11.7,1.46,15.0670805,215.0,17,0.42139250488281255,1,194.97000122070312
2026-06-29,NVDA,stock,2026-07-08,call,NVDA260708C00187500,187.5,8.52,8.95,9.55,-1.0799999,-11.249999,58.0,38,0.39148557739257805,1,194.97000122070312
2026-06-29,NVDA,stock,2026-07-08,call,NVDA260708C00190000,190.0,7.29,7.1,7.7,-0.09000015,-1.2195143,393.0,194,0.3786683227539062,1,194.97000122070312
2026-06-29,NVDA,stock,2026-07-08,call,NVDA260708C00192500,192.5,5.65,5.5,5.95,0.8499999,17.70833,478.0,462,0.36035795898437495,1,194.97000122070312
2026-06-29,NVDA,stock,2026-07-08,call,NVDA260708C00195000,195.0,4.4,4.25,4.45,0.6500001,17.333336,1182.0,431,0.34680828979492184,0,194.97000122070312
2026-06-29,NVDA,stock,2026-07-08,call,NVDA260708C00197500,197.5,3.25,3.1,3.2,0.6500001,25.000004,1787.0,342,0.3355779333496094,0,194.97000122070312
2026-06-29,NVDA,stock,2026-07-08,call,NVDA260708C00200000,200.0,2.3,2.23,2.29,0.39,20.418848,3423.0,2541,0.3336248278808594,0,194.97000122070312
2026-06-29,NVDA,stock,2026-07-08,call,NVDA260708C00202500,202.5,1.6,1.54,1.6,0.100000024,6.666668,381.0,273,0.3332586206054688,0,194.97000122070312
2026-06-29,NVDA,stock,2026-07-08,call,NVDA260708C00205000,205.0,1.08,1.04,1.08,0.08000004,8.000004,3251.0,590,0.33228206787109377,0,194.97000122070312
2026-06-29,NVDA,stock,2026-07-08,call,NVDA260708C00207500,207.5,0.73,0.68,0.72,-0.03999996,-5.1948004,279.0,149,0.33350275878906255,0,194.97000122070312
2026-06-29,NVDA,stock,2026-07-08,call,NVDA260708C00210000,210.0,0.46,0.44,0.47,-0.049999982,-9.803918,1238.0,1147,0.334967587890625,0,194.97000122070312
2026-06-29,NVDA,stock,2026-07-08,call,NVDA260708C00212500,212.5,0.31,0.28,0.31,-0.09,-22.5,282.0,123,0.3393620751953125,0,194.97000122070312
2026-06-29,NVDA,stock,2026-07-08,call,NVDA260708C00215000,215.0,0.18,0.18,0.2,-0.16,-47.058823,169.0,196,0.34278000976562495,0,194.97000122070312
2026-06-29,NVDA,stock,2026-07-08,call,NVDA260708C00217500,217.5,0.12,0.11,0.14,-0.12,-50.0,70.0,191,0.35156898437499995,0,194.97000122070312
2026-06-29,NVDA,stock,2026-07-08,call,NVDA260708C00220000,220.0,0.07,0.07,0.09,-0.1,-58.82353,2467.0,1576,0.35547519531249994,0,194.97000122070312
2026-06-29,NVDA,stock,2026-07-08,call,NVDA260708C00222500,222.5,0.08,0.05,0.08,-0.060000002,-42.857143,27.0,11,0.37695935546875,0,194.97000122070312
2026-06-29,NVDA,stock,2026-07-08,call,NVDA260708C00225000,225.0,0.06,0.05,0.06,-0.040000003,-40.000004,29.0,156,0.38867798828125,0,194.97000122070312
2026-06-29,NVDA,stock,2026-07-08,call,NVDA260708C00227500,227.5,0.06,0.04,0.05,-0.030000005,-33.333336,14.0,209,0.40430283203125,0,194.97000122070312
2026-06-29,NVDA,stock,2026-07-08,call,NVDA260708C00230000,230.0,0.03,0.02,0.04,-0.04,-57.142857,57.0,189,0.41602146484374997,0,194.97000122070312
2026-06-29,NVDA,stock,2026-07-08,call,NVDA260708C00232500,232.5,0.02,0.02,0.04,-0.18,-90.0,8.0,1,0.43945873046875,0,194.97000122070312
2026-06-29,NVDA,stock,2026-07-08,call,NVDA260708C00235000,235.0,0.06,0.01,0.04,0.0,0.0,1.0,11,0.46289599609375004,0,194.97000122070312
2026-06-29,NVDA,stock,2026-07-08,call,NVDA260708C00237500,237.5,0.02,0.01,0.03,-0.04,-66.66667,14.0,17,0.4687553125,0,194.97000122070312
2026-06-29,NVDA,stock,2026-07-08,call,NVDA260708C00240000,240.0,0.01,0.01,0.03,-0.049999997,-83.333336,48.0,87,0.49219257812500006,0,194.97000122070312
2026-06-29,NVDA,stock,2026-07-08,call,NVDA260708C00245000,245.0,0.02,0.01,0.03,-0.02,-50.0,1.0,264,0.5117236328125,0,194.97000122070312
2026-06-29,NVDA,stock,2026-07-08,call,NVDA260708C00250000,250.0,0.02,0.01,0.02,-0.01,-33.333336,6.0,19,0.5390671093750001,0,194.97000122070312
2026-06-29,NVDA,stock,2026-07-08,call,NVDA260708C00255000,255.0,0.01,0.01,0.02,-0.03,-75.0,515.0,52,0.57812921875,0,194.97000122070312
2026-06-29,NVDA,stock,2026-07-08,call,NVDA260708C00260000,260.0,0.04,0.0,0.02,0.0,0.0,,13,0.5937540625000001,0,194.97000122070312
2026-06-29,NVDA,stock,2026-07-08,call,NVDA260708C00265000,265.0,0.01,0.0,0.02,0.0,0.0,,3,0.6250037500000001,0,194.97000122070312
2026-06-29,NVDA,stock,2026-07-08,call,NVDA260708C00270000,270.0,0.01,0.0,0.01,0.0,0.0,,0,0.6250037500000001,0,194.97000122070312
2026-06-29,NVDA,stock,2026-07-08,call,NVDA260708C00275000,275.0,0.02,0.0,0.01,0.0,0.0,,27,0.6562534375000001,0,194.97000122070312
2026-06-29,NVDA,stock,2026-07-08,put,NVDA260708P00110000,110.0,0.14,0.01,0.03,0.120000005,600.0001,20.0,7,1.21875390625,0,194.97000122070312
2026-06-29,NVDA,stock,2026-07-08,put,NVDA260708P00115000,115.0,0.03,0.01,0.03,0.0,0.0,1.0,3,1.1328168359375002,0,194.97000122070312
2026-06-29,NVDA,stock,2026-07-08,put,NVDA260708P00130000,130.0,0.04,0.02,0.04,0.0,0.0,5.0,5,0.92187578125,0,194.97000122070312
2026-06-29,NVDA,stock,2026-07-08,put,NVDA260708P00135000,135.0,0.06,0.02,0.05,0.0,0.0,2.0,4,0.85937640625,0,194.97000122070312
2026-06-29,NVDA,stock,2026-07-08,put,NVDA260708P00140000,140.0,0.04,0.03,0.05,-0.030000001,-42.857143,3.0,22,0.7929708203125,0,194.97000122070312
2026-06-29,NVDA,stock,2026-07-08,put,NVDA260708P00145000,145.0,0.05,0.04,0.06,-0.040000003,-44.444447,1.0,48,0.73437765625,0,194.97000122070312
2026-06-29,NVDA,stock,2026-07-08,put,NVDA260708P00150000,150.0,0.05,0.05,0.08,-0.06,-54.545456,6.0,99,0.6796907031250001,0,194.97000122070312
2026-06-29,NVDA,stock,2026-07-08,put,NVDA260708P00155000,155.0,0.23,0.07,0.09,0.0,0.0,,23,0.6210975390625001,0,194.97000122070312
2026-06-29,NVDA,stock,2026-07-08,put,NVDA260708P00160000,160.0,0.1,0.09,0.11,0.0,0.0,1.0,98,0.5625043750000001,0,194.97000122070312
2026-06-29,NVDA,stock,2026-07-08,put,NVDA260708P00165000,165.0,0.13,0.12,0.14,-0.050000012,-27.777782,66.0,46,0.50586431640625,0,194.97000122070312
2026-06-29,NVDA,stock,2026-07-08,put,NVDA260708P00170000,170.0,0.19,0.17,0.2,-0.08000001,-29.629631,143.0,1879,0.46094289062500005,0,194.97000122070312
2026-06-29,NVDA,stock,2026-07-08,put,NVDA260708P00172500,172.5,0.23,0.21,0.24,-0.08999999,-28.124998,231.0,165,0.43457596679687505,0,194.97000122070312
2026-06-29,NVDA,stock,2026-07-08,put,NVDA260708P00175000,175.0,0.3,0.28,0.3,-0.26,-46.42857,1555.0,61,0.411138701171875,0,194.97000122070312
2026-06-29,NVDA,stock,2026-07-08,put,NVDA260708P00177500,177.5,0.42,0.37,0.4,-0.24000004,-36.36364,406.0,40,0.3920959228515625,0,194.97000122070312
2026-06-29,NVDA,stock,2026-07-08,put,NVDA260708P00180000,180.0,0.53,0.51,0.54,-0.42000002,-44.210526,170.0,302,0.3742738354492187,0,194.97000122070312
2026-06-29,NVDA,stock,2026-07-08,put,NVDA260708P00182500,182.5,0.73,0.73,0.76,-0.26,-26.262627,206.0,94,0.36035795898437495,0,194.97000122070312
2026-06-29,NVDA,stock,2026-07-08,put,NVDA260708P00185000,185.0,1.06,1.04,1.08,-0.37,-25.874126,648.0,523,0.34839518798828123,0,194.97000122070312
2026-06-29,NVDA,stock,2026-07-08,put,NVDA260708P00187500,187.5,1.63,1.49,1.54,-0.43999994,-21.256035,455.0,202,0.33887379882812496,0,194.97000122070312
2026-06-29,NVDA,stock,2026-07-08,put,NVDA260708P00190000,190.0,2.14,2.11,2.17,-1.1099999,-34.153843,421.0,358,0.33008482421874996,0,194.97000122070312
2026-06-29,NVDA,stock,2026-07-08,put,NVDA260708P00192500,192.5,2.9,2.96,3.05,-1.27,-30.455635,390.0,227,0.3259344750976562,0,194.97000122070312
2026-06-29,NVDA,stock,2026-07-08,put,NVDA260708P00195000,195.0,4.1,3.9,4.25,-1.3299999,-24.493555,296.0,276,0.32898620239257803,1,194.97000122070312
2026-06-29,NVDA,stock,2026-07-08,put,NVDA260708P00197500,197.5,5.51,5.3,5.65,-0.7399998,-11.839996,114.0,205,0.3293524096679687,1,194.97000122070312
2026-06-29,NVDA,stock,2026-07-08,put,NVDA260708P00200000,200.0,7.23,6.75,7.3,-0.50999975,-6.5891447,47.0,262,0.3320379296875,1,194.97000122070312
2026-06-29,NVDA,stock,2026-07-08,put,NVDA260708P00202500,202.5,8.98,8.35,8.95,-0.6800003,-7.039341,15.0,41,0.3156806713867187,1,194.97000122070312
2026-06-29,NVDA,stock,2026-07-08,put,NVDA260708P00205000,205.0,10.95,10.5,11.3,-0.47000027,-4.115589,10.0,138,0.3536441589355468,1,194.97000122070312
2026-06-29,NVDA,stock,2026-07-08,put,NVDA260708P00207500,207.5,13.1,12.4,13.45,-1.5299997,-10.457961,74.0,5,0.3606020971679687,1,194.97000122070312
2026-06-29,NVDA,stock,2026-07-08,put,NVDA260708P00210000,210.0,15.5,14.85,15.8,-0.25,-1.5873016,12.0,91,0.3842835009765625,1,194.97000122070312
2026-06-29,NVDA,stock,2026-07-08,put,NVDA260708P00212500,212.5,19.48,17.3,18.1,0.9899998,5.354244,56.0,31,0.39258419921875,1,194.97000122070312
2026-06-29,NVDA,stock,2026-07-08,put,NVDA260708P00215000,215.0,20.51,18.0,22.25,-1.4099998,-6.432481,2.0,31,0.6551548156738283,1,194.97000122070312
2026-06-29,NVDA,stock,2026-07-08,put,NVDA260708P00217500,217.5,24.77,20.15,24.95,1.2299995,5.225147,1.0,21,0.7241238525390624,1,194.97000122070312
2026-06-29,NVDA,stock,2026-07-08,put,NVDA260708P00220000,220.0,26.22,22.95,27.2,5.01,23.620935,2.0,3,0.7403590417480468,1,194.97000122070312
2026-06-29,NVDA,stock,2026-07-08,put,NVDA260708P00225000,225.0,30.75,27.95,32.2,0.0,0.0,1.0,0,0.8256853369140623,1,194.97000122070312
2026-06-29,NVDA,stock,2026-07-08,put,NVDA260708P00232500,232.5,38.27,35.25,39.9,0.0,0.0,2.0,0,0.971679970703125,1,194.97000122070312
2026-06-29,NVDA,stock,2026-07-08,put,NVDA260708P00235000,235.0,40.74,37.95,42.2,0.0,0.0,2.0,0,0.983398603515625,1,194.97000122070312
2026-06-29,NVDA,stock,2026-07-08,put,NVDA260708P00237500,237.5,43.29,40.25,44.9,0.0,0.0,2.0,0,1.0478563232421876,1,194.97000122070312
2026-06-29,NVDA,stock,2026-07-08,put,NVDA260708P00240000,240.0,45.75,42.95,47.2,0.0,0.0,2.0,0,0.51562984375,1,194.97000122070312
2026-06-29,NVDA,stock,2026-07-10,call,NVDA260710C00050000,50.0,155.49,142.1,148.1,0.0,0.0,,2,3.0781273046874995,1,194.97000122070312
2026-06-29,NVDA,stock,2026-07-10,call,NVDA260710C00055000,55.0,139.93,137.1,142.95,0.8299866,0.5966833,14.0,1,2.6093784765625,1,194.97000122070312
2026-06-29,NVDA,stock,2026-07-10,call,NVDA260710C00075000,75.0,119.67,117.15,123.15,-7.2300034,-5.6974025,4.0,4,2.28906677734375,1,194.97000122070312
2026-06-29,NVDA,stock,2026-07-10,call,NVDA260710C00085000,85.0,109.89,107.15,113.15,-7.090004,-6.0608683,3.0,9,2.00781748046875,1,194.97000122070312
2026-06-29,NVDA,stock,2026-07-10,call,NVDA260710C00100000,100.0,95.2,92.2,98.2,-6.4500046,-6.3453074,5.0,27,1.701173369140625,1,194.97000122070312
2026-06-29,NVDA,stock,2026-07-10,call,NVDA260710C00105000,105.0,89.54,87.2,93.2,0.0,0.0,5.0,9,1.5878926855468747,1,194.97000122070312
2026-06-29,NVDA,stock,2026-07-10,call,NVDA260710C00110000,110.0,99.38,82.25,88.2,0.0,0.0,2.0,3,1.501955615234375,1,194.97000122070312
2026-06-29,NVDA,stock,2026-07-10,call,NVDA260710C00115000,115.0,77.8,77.25,83.25,-10.279999,-11.671206,2.0,12,1.4160185449218752,1,194.97000122070312
2026-06-29,NVDA,stock,2026-07-10,call,NVDA260710C00120000,120.0,73.9,72.25,78.25,0.0,0.0,40.0,50,1.3144565527343748,1,194.97000122070312
2026-06-29,NVDA,stock,2026-07-10,call,NVDA260710C00125000,125.0,70.35,67.3,73.3,0.0,0.0,2.0,12,1.2490271923828122,1,194.97000122070312
2026-06-29,NVDA,stock,2026-07-10,call,NVDA260710C00130000,130.0,64.83,62.3,68.2,0.0,0.0,3.0,13,1.1220747021484376,1,194.97000122070312
2026-06-29,NVDA,stock,2026-07-10,call,NVDA260710C00135000,135.0,75.03,57.3,63.3,0.0,0.0,1.0,19,1.05859845703125,1,194.97000122070312
2026-06-29,NVDA,stock,2026-07-10,call,NVDA260710C00140000,140.0,54.21,52.35,56.35,-14.760002,-21.400612,1.0,133,1.294192982177734,1,194.97000122070312
2026-06-29,NVDA,stock,2026-07-10,call,NVDA260710C00145000,145.0,50.61,47.35,53.25,0.0,0.0,1200.0,1203,0.8789074609374999,1,194.97000122070312
2026-06-29,NVDA,stock,2026-07-10,call,NVDA260710C00150000,150.0,45.49,44.9,47.85,0.0,0.0,1.0,85,1.0813034216308592,1,194.97000122070312
2026-06-29,NVDA,stock,2026-07-10,call,NVDA260710C00155000,155.0,40.33,37.4,43.3,0.0,0.0,6.0,14,0.727541787109375,1,194.97000122070312
2026-06-29,NVDA,stock,2026-07-10,call,NVDA260710C00160000,160.0,33.5,32.4,38.35,0.0,0.0,354.0,415,0.6508823974609376,1,194.97000122070312
2026-06-29,NVDA,stock,2026-07-10,call,NVDA260710C00165000,165.0,29.95,27.55,31.2,-0.84000015,-2.728159,2.0,38,0.7397486962890624,1,194.97000122070312
2026-06-29,NVDA,stock,2026-07-10,call,NVDA260710C00167500,167.5,28.37,25.25,30.75,0.0,0.0,154.0,21,0.5568891967773439,1,194.97000122070312
2026-06-29,NVDA,stock,2026-07-10,call,NVDA260710C00170000,170.0,23.9,23.95,25.85,-0.9200001,-3.7066884,208.0,138,0.5825237060546875,1,194.97000122070312
2026-06-29,NVDA,stock,2026-07-10,call,NVDA260710C00172500,172.5,21.97,22.9,23.5,-0.30000114,-1.3471088,3.0,12,0.5092822509765625,1,194.97000122070312
2026-06-29,NVDA,stock,2026-07-10,call,NVDA260710C00175000,175.0,20.44,20.5,21.1,0.73000145,3.7037113,258.0,140,0.5258836474609375,1,194.97000122070312
2026-06-29,NVDA,stock,2026-07-10,call,NVDA260710C00177500,177.5,18.44,18.15,18.75,0.6400013,3.595513,36.0,32,0.4958546508789063,1,194.97000122070312
2026-06-29,NVDA,stock,2026-07-10,call,NVDA260710C00180000,180.0,16.0,15.9,16.4,-0.3199997,-1.9607825,347.0,646,0.4624077197265626,1,194.97000122070312
2026-06-29,NVDA,stock,2026-07-10,call,NVDA260710C00182500,182.5,13.05,13.7,14.1,-0.65999985,-4.8140035,1200.0,49,0.43066975585937506,1,194.97000122070312
2026-06-29,NVDA,stock,2026-07-10,call,NVDA260710C00185000,185.0,11.75,11.65,12.0,1.4499998,14.077668,2063.0,504,0.41309180664062495,1,194.97000122070312
2026-06-29,NVDA,stock,2026-07-10,call,NVDA260710C00187500,187.5,10.0,9.7,10.05,1.7399998,21.06537,968.0,153,0.39990834472656256,1,194.97000122070312
2026-06-29,NVDA,stock,2026-07-10,call,NVDA260710C00190000,190.0,8.12,7.95,8.15,1.1199999,15.999998,2183.0,1521,0.3806214282226562,1,194.97000122070312
2026-06-29,NVDA,stock,2026-07-10,call,NVDA260710C00192500,192.5,6.45,6.35,6.5,0.8499999,15.178571,1974.0,881,0.36902486450195315,1,194.97000122070312
2026-06-29,NVDA,stock,2026-07-10,call,NVDA260710C00195000,195.0,5.05,4.95,5.05,0.8000002,18.823532,9079.0,3295,0.3591372680664062,0,194.97000122070312
2026-06-29,NVDA,stock,2026-07-10,call,NVDA260710C00197500,197.5,3.9,3.8,3.9,0.60000014,18.181824,3394.0,1909,0.35681795532226557,0,194.97000122070312
2026-06-29,NVDA,stock,2026-07-10,call,NVDA260710C00200000,200.0,2.87,2.86,2.9,0.4599998,19.087128,11521.0,4849,0.35144691528320304,0,194.97000122070312
2026-06-29,NVDA,stock,2026-07-10,call,NVDA260710C00202500,202.5,2.16,2.1,2.14,0.24000013,12.500008,2129.0,1992,0.35034829345703117,0,194.97000122070312
2026-06-29,NVDA,stock,2026-07-10,call,NVDA260710C00205000,205.0,1.55,1.52,1.55,0.26999998,21.093748,6288.0,5462,0.3498600170898437,0,194.97000122070312
2026-06-29,NVDA,stock,2026-07-10,call,NVDA260710C00207500,207.5,1.11,1.08,1.11,0.029999971,2.777775,2863.0,2233,0.35095863891601553,0,194.97000122070312
2026-06-29,NVDA,stock,2026-07-10,call,NVDA260710C00210000,210.0,0.78,0.76,0.78,0.07999998,11.428569,7093.0,16841,0.35205726074218746,0,194.97000122070312
2026-06-29,NVDA,stock,2026-07-10,call,NVDA260710C00212500,212.5,0.55,0.53,0.55,0.0,0.0,1809.0,2014,0.3549869189453124,0,194.97000122070312
2026-06-29,NVDA,stock,2026-07-10,call,NVDA260710C00215000,215.0,0.39,0.37,0.39,-0.01000002,-2.500005,2095.0,6737,0.35938140625,0,194.97000122070312
2026-06-29,NVDA,stock,2026-07-10,call,NVDA260710C00217500,217.5,0.27,0.26,0.28,-0.109999985,-28.947363,1367.0,1452,0.36524072265625,0,194.97000122070312
2026-06-29,NVDA,stock,2026-07-10,call,NVDA260710C00220000,220.0,0.2,0.19,0.2,-0.049999997,-19.999998,4177.0,12654,0.3706117626953125,0,194.97000122070312
2026-06-29,NVDA,stock,2026-07-10,call,NVDA260710C00222500,222.5,0.14,0.14,0.15,-0.060000002,-30.0,592.0,504,0.3789124609375,0,194.97000122070312
2026-06-29,NVDA,stock,2026-07-10,call,NVDA260710C00225000,225.0,0.11,0.11,0.12,-0.049999997,-31.249998,857.0,6706,0.39160764648437496,0,194.97000122070312
2026-06-29,NVDA,stock,2026-07-10,call,NVDA260710C00227500,227.5,0.09,0.08,0.1,-0.049999997,-35.714283,93.0,930,0.405279384765625,0,194.97000122070312
2026-06-29,NVDA,stock,2026-07-10,call,NVDA260710C00230000,230.0,0.08,0.07,0.08,-0.04,-33.333336,1916.0,7080,0.41602146484374997,0,194.97000122070312
2026-06-29,NVDA,stock,2026-07-10,call,NVDA260710C00232500,232.5,0.06,0.06,0.07,-0.05,-45.454544,620.0,210,0.43164630859375,0,194.97000122070312
2026-06-29,NVDA,stock,2026-07-10,call,NVDA260710C00235000,235.0,0.06,0.05,0.06,-0.02,-25.0,362.0,6023,0.445318046875,0,194.97000122070312
2026-06-29,NVDA,stock,2026-07-10,call,NVDA260710C00240000,240.0,0.04,0.03,0.04,-0.030000001,-42.857143,465.0,4200,0.46484910156250003,0,194.97000122070312
2026-06-29,NVDA,stock,2026-07-10,call,NVDA260710C00245000,245.0,0.03,0.02,0.03,-0.020000001,-40.000004,186.0,1986,0.48828636718750007,0,194.97000122070312
2026-06-29,NVDA,stock,2026-07-10,call,NVDA260710C00250000,250.0,0.02,0.02,0.03,-0.030000001,-60.0,118.0,7036,0.51562984375,0,194.97000122070312
2026-06-29,NVDA,stock,2026-07-10,call,NVDA260710C00255000,255.0,0.01,0.01,0.02,-0.03,-75.0,108.0,1856,0.523442265625,0,194.97000122070312
2026-06-29,NVDA,stock,2026-07-10,call,NVDA260710C00260000,260.0,0.02,0.01,0.02,0.0,0.0,51.0,2316,0.5585981640625001,0,194.97000122070312
2026-06-29,NVDA,stock,2026-07-10,call,NVDA260710C00265000,265.0,0.02,0.01,0.02,0.0,0.0,2.0,1929,0.5937540625000001,0,194.97000122070312
2026-06-29,NVDA,stock,2026-07-10,call,NVDA260710C00270000,270.0,0.02,0.01,0.02,0.0,0.0,460.0,5764,0.6250037500000001,0,194.97000122070312
2026-06-29,NVDA,stock,2026-07-10,call,NVDA260710C00275000,275.0,0.01,0.0,0.01,0.0,0.0,236.0,490,0.5937540625000001,0,194.97000122070312
2026-06-29,NVDA,stock,2026-07-10,call,NVDA260710C00280000,280.0,0.02,0.0,0.01,0.0,0.0,11.0,505,0.6250037500000001,0,194.97000122070312
2026-06-29,NVDA,stock,2026-07-10,call,NVDA260710C00285000,285.0,0.01,0.0,0.02,0.0,0.0,1.0,265,0.6875031250000001,0,194.97000122070312
2026-06-29,NVDA,stock,2026-07-10,call,NVDA260710C00290000,290.0,0.01,0.01,0.02,0.0,0.0,4.0,426,0.7421900781249999,0,194.97000122070312
2026-06-29,NVDA,stock,2026-07-10,call,NVDA260710C00295000,295.0,0.01,0.0,0.02,0.0,0.0,1.0,226,0.7500025,0,194.97000122070312
2026-06-29,NVDA,stock,2026-07-10,call,NVDA260710C00300000,300.0,0.02,0.0,0.02,0.01,100.0,3.0,1630,0.773439765625,0,194.97000122070312
2026-06-29,NVDA,stock,2026-07-10,call,NVDA260710C00305000,305.0,0.01,0.0,0.01,0.0,0.0,10.0,171,0.7500025,0,194.97000122070312
2026-06-29,NVDA,stock,2026-07-10,call,NVDA260710C00310000,310.0,0.04,0.0,0.02,0.0,0.0,3.0,198,0.8281267187499999,0,194.97000122070312
2026-06-29,NVDA,stock,2026-07-10,call,NVDA260710C00315000,315.0,0.01,0.0,0.02,0.0,0.0,1.0,65,0.851563984375,0,194.97000122070312
2026-06-29,NVDA,stock,2026-07-10,call,NVDA260710C00320000,320.0,0.02,0.0,0.01,0.0,0.0,1.0,252,0.8281267187499999,0,194.97000122070312
2026-06-29,NVDA,stock,2026-07-10,call,NVDA260710C00325000,325.0,0.02,0.0,0.01,0.0,0.0,4.0,1623,0.8437515624999999,0,194.97000122070312
2026-06-29,NVDA,stock,2026-07-10,call,NVDA260710C00330000,330.0,0.03,0.0,0.01,0.0,0.0,1.0,19,0.87500125,0,194.97000122070312
2026-06-29,NVDA,stock,2026-07-10,call,NVDA260710C00335000,335.0,0.02,0.0,0.01,0.0,0.0,1.0,434,0.9062509375,0,194.97000122070312
2026-06-29,NVDA,stock,2026-07-10,call,NVDA260710C00340000,340.0,0.03,0.0,0.01,0.0,0.0,1.0,66,0.92187578125,0,194.97000122070312
2026-06-29,NVDA,stock,2026-07-10,call,NVDA260710C00345000,345.0,0.01,0.0,0.01,0.0,0.0,20.0,146,0.937500625,0,194.97000122070312
2026-06-29,NVDA,stock,2026-07-10,call,NVDA260710C00350000,350.0,0.01,0.0,0.01,0.0,0.0,15.0,484,0.9687503125,0,194.97000122070312
2026-06-29,NVDA,stock,2026-07-10,call,NVDA260710C00360000,360.0,0.01,0.0,0.01,0.0,0.0,17.0,93,1.000005,0,194.97000122070312
2026-06-29,NVDA,stock,2026-07-10,call,NVDA260710C00370000,370.0,0.06,0.0,0.01,0.0,0.0,10.0,11,1.0625046875000002,0,194.97000122070312
2026-06-29,NVDA,stock,2026-07-10,call,NVDA260710C00380000,380.0,0.01,0.0,0.01,0.0,0.0,1.0,42,1.09375453125,0,194.97000122070312
2026-06-29,NVDA,stock,2026-07-10,call,NVDA260710C00390000,390.0,0.01,0.0,0.01,0.0,0.0,3.0,3,1.125004375,0,194.97000122070312
2026-06-29,NVDA,stock,2026-07-10,call,NVDA260710C00400000,400.0,0.1,0.0,0.01,0.0,0.0,,1,1.15625421875,0,194.97000122070312
2026-06-29,NVDA,stock,2026-07-10,call,NVDA260710C00410000,410.0,0.01,0.0,0.01,0.0,0.0,14.0,93,1.1875040625,0,194.97000122070312
2026-06-29,NVDA,stock,2026-07-10,call,NVDA260710C00420000,420.0,0.02,0.0,0.01,0.0,0.0,10.0,10,1.2500037499999999,0,194.97000122070312
2026-06-29,NVDA,stock,2026-07-10,call,NVDA260710C00440000,440.0,0.01,0.0,0.01,0.0,0.0,1.0,2,1.3125034374999998,0,194.97000122070312
2026-06-29,NVDA,stock,2026-07-10,put,NVDA260710P00050000,50.0,0.01,0.0,0.01,0.0,0.0,,20,2.2500043749999996,0,194.97000122070312
2026-06-29,NVDA,stock,2026-07-10,put,NVDA260710P00055000,55.0,0.01,0.0,0.01,0.0,0.0,,200,2.1250046874999997,0,194.97000122070312
2026-06-29,NVDA,stock,2026-07-10,put,NVDA260710P00060000,60.0,0.01,0.0,0.01,0.0,0.0,1.0,201,1.96875015625,0,194.97000122070312
2026-06-29,NVDA,stock,2026-07-10,put,NVDA260710P00070000,70.0,0.01,0.0,0.01,0.0,0.0,1268.0,705,1.71875140625,0,194.97000122070312
2026-06-29,NVDA,stock,2026-07-10,put,NVDA260710P00075000,75.0,0.01,0.0,0.01,0.0,0.0,162.0,651,1.625001875,0,194.97000122070312
2026-06-29,NVDA,stock,2026-07-10,put,NVDA260710P00080000,80.0,0.01,0.0,0.01,-0.01,-50.0,2550.0,176,1.5000025,0,194.97000122070312
2026-06-29,NVDA,stock,2026-07-10,put,NVDA260710P00085000,85.0,0.01,0.0,0.01,0.0,0.0,3800.0,43,1.40625296875,0,194.97000122070312
2026-06-29,NVDA,stock,2026-07-10,put,NVDA260710P00090000,90.0,0.01,0.01,0.02,-0.02,-66.66667,1150.0,16,1.4375028125,0,194.97000122070312
2026-06-29,NVDA,stock,2026-07-10,put,NVDA260710P00095000,95.0,0.01,0.01,0.02,-0.02,-66.66667,3.0,1003,1.3437532812499997,0,194.97000122070312
2026-06-29,NVDA,stock,2026-07-10,put,NVDA260710P00100000,100.0,0.02,0.01,0.02,-0.02,-50.0,320.0,1969,1.2500037499999999,0,194.97000122070312
2026-06-29,NVDA,stock,2026-07-10,put,NVDA260710P00105000,105.0,0.02,0.01,0.02,-0.02,-50.0,91.0,3752,1.171879140625,0,194.97000122070312
2026-06-29,NVDA,stock,2026-07-10,put,NVDA260710P00110000,110.0,0.05,0.02,0.03,0.0,0.0,165.0,3085,1.140629296875,0,194.97000122070312
2026-06-29,NVDA,stock,2026-07-10,put,NVDA260710P00115000,115.0,0.03,0.02,0.03,-0.03,-50.0,11.0,16037,1.0546922265625,0,194.97000122070312
2026-06-29,NVDA,stock,2026-07-10,put,NVDA260710P00120000,120.0,0.03,0.03,0.04,-0.04,-57.142857,8.0,1630,1.0078174609375,0,194.97000122070312
2026-06-29,NVDA,stock,2026-07-10,put,NVDA260710P00125000,125.0,0.05,0.03,0.04,-0.02,-28.571428,2.0,406,0.929688203125,0,194.97000122070312
2026-06-29,NVDA,stock,2026-07-10,put,NVDA260710P00130000,130.0,0.05,0.04,0.05,-0.02,-28.571428,321.0,2560,0.8789074609374999,0,194.97000122070312
2026-06-29,NVDA,stock,2026-07-10,put,NVDA260710P00135000,135.0,0.05,0.05,0.06,-0.05,-50.0,126.0,2691,0.8242205078124999,0,194.97000122070312
2026-06-29,NVDA,stock,2026-07-10,put,NVDA260710P00140000,140.0,0.06,0.06,0.07,-0.030000005,-33.333336,1107.0,1039,0.7656273437500001,0,194.97000122070312
2026-06-29,NVDA,stock,2026-07-10,put,NVDA260710P00145000,145.0,0.07,0.07,0.08,-0.04,-36.363636,2182.0,853,0.7050810742187501,0,194.97000122070312
2026-06-29,NVDA,stock,2026-07-10,put,NVDA260710P00150000,150.0,0.08,0.08,0.09,-0.049999997,-38.461536,65.0,1583,0.6425816992187501,0,194.97000122070312
2026-06-29,NVDA,stock,2026-07-10,put,NVDA260710P00155000,155.0,0.1,0.1,0.11,-0.059999995,-37.499996,259.0,948,0.5898478515625001,0,194.97000122070312
2026-06-29,NVDA,stock,2026-07-10,put,NVDA260710P00160000,160.0,0.12,0.12,0.13,-0.06000001,-33.333336,766.0,1822,0.5312546875,0,194.97000122070312
2026-06-29,NVDA,stock,2026-07-10,put,NVDA260710P00165000,165.0,0.18,0.17,0.18,-0.06999999,-27.999996,300.0,1373,0.48730981445312505,0,194.97000122070312
2026-06-29,NVDA,stock,2026-07-10,put,NVDA260710P00167500,167.5,0.21,0.21,0.22,-0.07000001,-25.000004,186.0,199,0.46631393066406257,0,194.97000122070312
2026-06-29,NVDA,stock,2026-07-10,put,NVDA260710P00170000,170.0,0.26,0.25,0.27,-0.15,-36.58537,1635.0,1556,0.445318046875,0,194.97000122070312
2026-06-29,NVDA,stock,2026-07-10,put,NVDA260710P00172500,172.5,0.32,0.32,0.34,-0.13,-28.88889,396.0,1364,0.42578699218750005,0,194.97000122070312
2026-06-29,NVDA,stock,2026-07-10,put,NVDA260710P00175000,175.0,0.42,0.42,0.44,-0.41,-49.39759,958.0,4717,0.40869731933593745,0,194.97000122070312
2026-06-29,NVDA,stock,2026-07-10,put,NVDA260710P00177500,177.5,0.56,0.56,0.59,-0.44,-44.0,238.0,767,0.39453730468750003,0,194.97000122070312
2026-06-29,NVDA,stock,2026-07-10,put,NVDA260710P00180000,180.0,0.78,0.77,0.79,-0.6700001,-46.2069,1237.0,3594,0.3806214282226562,0,194.97000122070312
2026-06-29,NVDA,stock,2026-07-10,put,NVDA260710P00182500,182.5,1.07,1.05,1.08,-0.5899999,-35.542164,634.0,583,0.36963520996093746,0,194.97000122070312
2026-06-29,NVDA,stock,2026-07-10,put,NVDA260710P00185000,185.0,1.42,1.45,1.49,-1.15,-44.74708,3299.0,5619,0.3610903735351562,0,194.97000122070312
2026-06-29,NVDA,stock,2026-07-10,put,NVDA260710P00187500,187.5,1.94,1.98,2.03,-1.1599998,-37.41935,920.0,1820,0.3530338134765625,0,194.97000122070312
2026-06-29,NVDA,stock,2026-07-10,put,NVDA260710P00190000,190.0,2.7,2.68,2.74,-1.51,-35.86698,2105.0,7691,0.3464420825195312,0,194.97000122070312
2026-06-29,NVDA,stock,2026-07-10,put,NVDA260710P00192500,192.5,3.55,3.55,3.65,-1.7,-32.38095,1891.0,892,0.3414372497558594,0,194.97000122070312
2026-06-29,NVDA,stock,2026-07-10,put,NVDA260710P00195000,195.0,4.6,4.55,4.8,-1.54,-25.081434,4047.0,5078,0.3393620751953125,1,194.97000122070312
2026-06-29,NVDA,stock,2026-07-10,put,NVDA260710P00197500,197.5,6.0,5.85,6.1,-2.25,-27.272728,414.0,1098,0.33313655151367194,1,194.97000122070312
2026-06-29,NVDA,stock,2026-07-10,put,NVDA260710P00200000,200.0,7.5,7.4,7.65,-2.6000004,-25.742577,1055.0,7560,0.33008482421874996,1,194.97000122070312
2026-06-29,NVDA,stock,2026-07-10,put,NVDA260710P00202500,202.5,9.5,9.0,9.55,-2.1899996,-18.733957,249.0,575,0.3403386279296875,1,194.97000122070312
2026-06-29,NVDA,stock,2026-07-10,put,NVDA260710P00205000,205.0,11.27,10.95,11.35,-2.6299992,-18.920856,2271.0,4077,0.3278875805664062,1,194.97000122070312
2026-06-29,NVDA,stock,2026-07-10,put,NVDA260710P00207500,207.5,13.06,12.85,13.45,-0.9399996,-6.7142825,133.0,418,0.3293524096679687,1,194.97000122070312
2026-06-29,NVDA,stock,2026-07-10,put,NVDA260710P00210000,210.0,15.5,15.15,15.6,-1.7299995,-10.040625,4850.0,7913,0.3220282641601562,1,194.97000122070312
2026-06-29,NVDA,stock,2026-07-10,put,NVDA260710P00212500,212.5,18.09,17.3,18.2,0.10000038,0.5558665,22.0,138,0.37402969726562496,1,194.97000122070312
2026-06-29,NVDA,stock,2026-07-10,put,NVDA260710P00215000,215.0,20.02,19.7,20.4,-0.4300003,-2.102691,140.0,1366,0.3552310571289062,1,194.97000122070312
2026-06-29,NVDA,stock,2026-07-10,put,NVDA260710P00217500,217.5,23.2,21.5,23.65,-0.27999878,-1.192499,112.0,163,0.5119677709960937,1,194.97000122070312
2026-06-29,NVDA,stock,2026-07-10,put,NVDA260710P00220000,220.0,24.87,24.65,26.7,-0.30999947,-1.2311337,22.0,3611,0.6191444335937502,1,194.97000122070312
2026-06-29,NVDA,stock,2026-07-10,put,NVDA260710P00222500,222.5,28.42,26.45,28.6,0.25,0.88746893,1.0,43,0.5766643896484375,1,194.97000122070312
2026-06-29,NVDA,stock,2026-07-10,put,NVDA260710P00225000,225.0,30.13,29.1,31.0,-0.62000084,-2.016263,3.0,38,0.5952188916015625,1,194.97000122070312
2026-06-29,NVDA,stock,2026-07-10,put,NVDA260710P00227500,227.5,33.79,31.45,33.6,-0.95000076,-2.734602,6.0,0,0.6442906665039063,1,194.97000122070312
2026-06-29,NVDA,stock,2026-07-10,put,NVDA260710P00230000,230.0,35.29,34.1,36.0,0.0,0.0,29.0,6,0.6604037866210939,1,194.97000122070312
2026-06-29,NVDA,stock,2026-07-10,put,NVDA260710P00235000,235.0,39.25,39.1,41.0,0.0,0.0,19.0,3,0.7226590234375,1,194.97000122070312
2026-06-29,NVDA,stock,2026-07-10,put,NVDA260710P00240000,240.0,42.99,44.1,46.0,0.0,0.0,152.0,0,0.782228740234375,1,194.97000122070312
2026-06-29,NVDA,stock,2026-07-10,put,NVDA260710P00245000,245.0,22.35,49.1,51.0,0.0,0.0,3.0,0,0.8393570751953124,1,194.97000122070312
2026-06-29,NVDA,stock,2026-07-10,put,NVDA260710P00250000,250.0,45.25,54.1,56.0,0.0,0.0,1.0,0,0.507817421875,1,194.97000122070312
2026-06-29,NVDA,stock,2026-07-10,put,NVDA260710P00255000,255.0,46.35,59.05,61.0,0.0,0.0,50.0,0,0.9477544287109375,1,194.97000122070312
2026-06-29,NVDA,stock,2026-07-10,put,NVDA260710P00260000,260.0,33.6,64.1,66.0,0.0,0.0,,0,0.57812921875,1,194.97000122070312
2026-06-29,NVDA,stock,2026-07-10,put,NVDA260710P00265000,265.0,52.8,69.1,71.0,0.0,0.0,,0,0.6093789062500001,1,194.97000122070312
2026-06-29,NVDA,stock,2026-07-10,put,NVDA260710P00275000,275.0,75.0,79.1,81.0,0.0,0.0,2.0,0,0.6757844921875001,1,194.97000122070312
2026-06-29,NVDA,stock,2026-07-10,put,NVDA260710P00280000,280.0,55.65,84.1,86.0,0.0,0.0,,0,0.7070341796875,1,194.97000122070312
